model BasicBuilder -ndm 3 -ndf 6

node 1 -19.3411178589 10.9820222855 0.995206534863 -mass 0 0 0 0 0 0
node 2 -18.0771560669 10.9054584503 0.00197697826661 -mass 0 0 0 0 0 0
node 3 -18.0771236420 11.2065258026 0.00197089812718 -mass 0 0 0 0 0 0
node 4 -19.3217468262 11.1635799408 0.991599440575 -mass 0 0 0 0 0 0
node 5 -19.3753471375 10.7096881866 1.00252997875 -mass 0 0 0 0 0 0
node 6 -18.0772132874 10.6037321091 0.00198932085186 -mass 0 0 0 0 0 0
node 7 -19.4129791260 10.3806343079 1.01303386688 -mass 0 0 0 0 0 0
node 8 -18.0772762299 10.3019094467 0.00200701807626 -mass 0 0 0 0 0 0
node 9 -19.4329757690 10.0184984207 1.02404415607 -mass 0 0 0 0 0 0
node 10 -18.0773105621 10.0000314713 0.00202556187287 -mass 0 0 0 0 0 0
node 11 -19.4131526947 9.65518760681 1.03041458130 -mass 0 0 0 0 0 0
node 12 -18.0772781372 9.69815063477 0.00203630118631 -mass 0 0 0 0 0 0
node 13 -19.3756408691 9.32385158539 1.03268527985 -mass 0 0 0 0 0 0
node 14 -18.0772132874 9.39632415771 0.00204013427719 -mass 0 0 0 0 0 0
node 15 -19.3414764404 9.04939937592 1.03286290169 -mass 0 0 0 0 0 0
node 16 -18.0771560669 9.09459495544 0.00204043835402 -mass 0 0 0 0 0 0
node 17 -19.3221302032 8.86662673950 1.03255093098 -mass 0 0 0 0 0 0
node 18 -18.0771236420 8.79352474213 0.00203991448507 -mass 0 0 0 0 0 0
node 19 -20.5902252197 11.1493616104 1.80704164505 -mass 0 0 0 0 0 0
node 20 -20.5469970703 11.3021907806 1.79994130135 -mass 0 0 0 0 0 0
node 21 -20.5909786224 8.91252231598 1.88649702072 -mass 0 0 0 0 0 0
node 22 -20.5477886200 8.75695705414 1.88507068157 -mass 0 0 0 0 0 0
node 23 -21.8027076721 11.4408683777 2.43313241005 -mass 0 0 0 0 0 0
node 24 -21.7290229797 11.5936307907 2.4235060215 -mass 0 0 0 0 0 0
node 25 -21.8039264679 8.64923763275 2.56263613701 -mass 0 0 0 0 0 0
node 26 -21.7302570343 8.49172306061 2.55848860741 -mass 0 0 0 0 0 0
node 27 -22.9431629181 11.8825130463 2.86858272552 -mass 0 0 0 0 0 0
node 28 -22.8373622894 12.0378313065 2.85977029800 -mass 0 0 0 0 0 0
node 29 -22.9449310303 8.23134708405 3.05897879601 -mass 0 0 0 0 0 0
node 30 -22.8390560150 8.06897354126 3.05008745193 -mass 0 0 0 0 0 0
node 31 -23.9654598236 12.4913301468 3.11142492294 -mass 0 0 0 0 0 0
node 32 -23.8399028778 12.6373519897 3.10954976082 -mass 0 0 0 0 0 0
node 33 -23.9677677155 7.63866329193 3.36993169785 -mass 0 0 0 0 0 0
node 34 -23.8419799805 7.4838514328 3.35512542725 -mass 0 0 0 0 0 0
node 35 -24.8543434143 13.2485914230 3.17422103882 -mass 0 0 0 0 0 0
node 36 -24.7168865204 13.3828926086 3.17978239059 -mass 0 0 0 0 0 0
node 37 -24.8568820953 6.88785028458 3.48805952072 -mass 0 0 0 0 0 0
node 38 -24.7191162109 6.74391698837 3.46769022942 -mass 0 0 0 0 0 0
node 39 -25.6044788361 14.1407909393 3.06899023056 -mass 0 0 0 0 0 0
node 40 -25.4564132690 14.2627325058 3.07790565491 -mass 0 0 0 0 0 0
node 41 -25.6067848206 5.99138212204 3.40608119965 -mass 0 0 0 0 0 0
node 42 -25.4584903717 5.86004972458 3.38221931458 -mass 0 0 0 0 0 0
node 43 -26.2035655975 15.1620187759 2.79952073097 -mass 0 0 0 0 0 0
node 44 -26.0478763580 15.2645149231 2.80727267265 -mass 0 0 0 0 0 0
node 45 -26.2053298950 4.95523643494 3.11827135086 -mass 0 0 0 0 0 0
node 46 -26.0495681763 4.84485006332 3.09522032738 -mass 0 0 0 0 0 0
node 47 -26.6346511841 16.2974815369 2.36149549484 -mass 0 0 0 0 0 0
node 48 -26.4836483002 16.3687915802 2.36671876907 -mass 0 0 0 0 0 0
node 49 -26.6358699799 3.79601693153 2.62452220917 -mass 0 0 0 0 0 0
node 50 -26.4848823547 3.71926474571 2.60750246048 -mass 0 0 0 0 0 0
node 51 -26.9168090820 17.5025672913 1.75073838234 -mass 0 0 0 0 0 0
node 52 -26.7684211731 17.5443801880 1.75371348858 -mass 0 0 0 0 0 0
node 53 -26.9175605774 2.56191015244 1.93535113335 -mass 0 0 0 0 0 0
node 54 -26.7692089081 2.51692748070 1.92509353161 -mass 0 0 0 0 0 0
node 55 -26.8616638184 10.6234378815 1.76870119572 -mass 0 0 0 0 0 0
node 56 -26.8284683228 10.1871643066 2.80889415741 -mass 0 0 0 0 0 0
node 57 -26.6760139465 10.1814270020 3.01216793060 -mass 0 0 0 0 0 0
node 58 -26.7558822632 10.6827049255 2.31370043755 -mass 0 0 0 0 0 0
node 59 -26.9477272034 9.75662803650 3.46814107895 -mass 0 0 0 0 0 0
node 60 -26.8050708771 9.69173812866 3.53650522232 -mass 0 0 0 0 0 0
node 61 -27.0775394440 18.7430477142 0.964695930481 -mass 0 0 0 0 0 0
node 62 -26.9048042297 18.7617797852 0.96600574255 -mass 0 0 0 0 0 0
node 63 -27.0778980255 1.28975558281 1.05940592289 -mass 0 0 0 0 0 0
node 64 -26.9051876068 1.26960766315 1.05475187302 -mass 0 0 0 0 0 0
node 65 -27.0185470581 11.1419067383 1.52306652069 -mass 0 0 0 0 0 0
node 66 -27.0006389618 11.0004463196 0.00583233963698 -mass 0 0 0 0 0 0
node 67 -27.2096443176 9.39098072052 3.88135480881 -mass 0 0 0 0 0 0
node 68 -27.1043281555 9.27396678925 3.88920211792 -mass 0 0 0 0 0 0
node 69 -27.1508121490 19.9978809357 0.00192553794477 -mass 0 0 0 0 0 0
node 70 -26.8684520721 19.9979133606 0.00192774483003 -mass 0 0 0 0 0 0
node 71 -27.1508140564 0.00217399653047 0.00208518956788 -mass 0 0 0 0 0 0
node 72 -26.8684520721 0.0021400495898 0.0020773478318 -mass 0 0 0 0 0 0
node 73 -27.4999580383 11.5000734329 0.00240733288229 -mass 0 0 0 0 0 0
node 74 -27.4742527008 11.5454664230 1.24723196030 -mass 0 0 0 0 0 0
node 75 -27.5768795013 9.14234828949 4.10905551910 -mass 0 0 0 0 0 0
node 76 -27.5209903717 8.98329544067 4.08680677414 -mass 0 0 0 0 0 0
node 77 -27.4337940216 19.9978256226 0.00192172906827 -mass 0 0 0 0 0 0
node 78 -27.3377361298 18.7099590302 0.962434768677 -mass 0 0 0 0 0 0
node 79 -27.4337940216 0.00223392620683 0.00209925929084 -mass 0 0 0 0 0 0
node 80 -27.3380298615 1.32533061504 1.06775748730 -mass 0 0 0 0 0 0
node 81 -27.7168712616 19.9977645874 0.00191774545237 -mass 0 0 0 0 0 0
node 82 -27.6529903412 18.6736068726 0.96006911993 -mass 0 0 0 0 0 0
node 83 -27.7168712616 0.00229970435612 0.00211505312473 -mass 0 0 0 0 0 0
node 84 -27.6531639099 1.36439204216 1.07713663578 -mass 0 0 0 0 0 0
node 85 -28.0 11.7659206390 1.17632055283 -mass 0 0 0 0 0 0
node 86 -28.0 11.9979267120 0.00228266557679 -mass 0 0 0 0 0 0
node 87 -28.0 8.87361335754 4.14824676514 -mass 0 0 0 0 0 0
node 88 -28.0 9.05276966095 4.18134021759 -mass 0 0 0 0 0 0
node 89 -28.0 18.6543388367 0.958932816982 -mass 0 0 0 0 0 0
node 90 -28.0 19.9977321625 0.00191583309788 -mass 0 0 0 0 0 0
node 91 -28.0 0.00233449437656 0.00212362408638 -mass 0 0 0 0 0 0
node 92 -28.0 1.38507080078 1.08223152161 -mass 0 0 0 0 0 0
node 93 -28.3470096588 18.6736068726 0.96006911993 -mass 0 0 0 0 0 0
node 94 -28.2831287384 19.9977645874 0.00191774545237 -mass 0 0 0 0 0 0
node 95 -28.5257472992 11.5454664230 1.24723196030 -mass 0 0 0 0 0 0
node 96 -28.5000419617 11.5000734329 0.00240733288229 -mass 0 0 0 0 0 0
node 97 -28.4790096283 8.98329544067 4.08680677414 -mass 0 0 0 0 0 0
node 98 -28.4231224060 9.14234828949 4.10905551910 -mass 0 0 0 0 0 0
node 99 -28.3468360901 1.36439204216 1.07713663578 -mass 0 0 0 0 0 0
node 100 -28.2831287384 0.00229970435612 0.00211505312473 -mass 0 0 0 0 0 0
node 101 -28.6622638702 18.7099590302 0.962434768677 -mass 0 0 0 0 0 0
node 102 -28.5662059784 19.9978256226 0.00192172906827 -mass 0 0 0 0 0 0
node 103 -28.6619701385 1.32533061504 1.06775748730 -mass 0 0 0 0 0 0
node 104 -28.5662059784 0.00223392620683 0.00209925929084 -mass 0 0 0 0 0 0
node 105 -28.9993610382 11.0004463196 0.00583233963698 -mass 0 0 0 0 0 0
node 106 -28.9814529419 11.1419067383 1.52306652069 -mass 0 0 0 0 0 0
node 107 -28.8956718445 9.27396678925 3.88920211792 -mass 0 0 0 0 0 0
node 108 -28.7903556824 9.39098072052 3.88135480881 -mass 0 0 0 0 0 0
node 109 -28.9224605560 18.7430477142 0.964695930481 -mass 0 0 0 0 0 0
node 110 -28.8491878510 19.9978809357 0.00192553794477 -mass 0 0 0 0 0 0
node 111 -28.9221019745 1.28975558281 1.05940592289 -mass 0 0 0 0 0 0
node 112 -28.8491859436 0.00217399653047 0.00208518956788 -mass 0 0 0 0 0 0
node 113 -29.1315479279 19.9979133606 0.00192774483003 -mass 0 0 0 0 0 0
node 114 -29.0951957703 18.7617797852 0.96600574255 -mass 0 0 0 0 0 0
node 115 -29.1315479279 0.0021400495898 0.0020773478318 -mass 0 0 0 0 0 0
node 116 -29.0948143005 1.26960766315 1.05475187302 -mass 0 0 0 0 0 0
node 117 -29.2441177368 10.6827049255 2.31370043755 -mass 0 0 0 0 0 0
node 118 -29.1383380890 10.6234378815 1.76870119572 -mass 0 0 0 0 0 0
node 119 -29.1949291229 9.69173812866 3.53650522232 -mass 0 0 0 0 0 0
node 120 -29.0522727966 9.75662803650 3.46814107895 -mass 0 0 0 0 0 0
node 121 -29.2315807343 17.5443801880 1.75371348858 -mass 0 0 0 0 0 0
node 122 -29.0831928253 17.5025672913 1.75073838234 -mass 0 0 0 0 0 0
node 123 -29.2307910919 2.51692748070 1.92509353161 -mass 0 0 0 0 0 0
node 124 -29.0824394226 2.56191015244 1.93535113335 -mass 0 0 0 0 0 0
node 125 -29.3239879608 10.1814270020 3.01216793060 -mass 0 0 0 0 0 0
node 126 -29.1715316772 10.1871643066 2.80889415741 -mass 0 0 0 0 0 0
node 127 -29.5163516998 16.3687915802 2.36671876907 -mass 0 0 0 0 0 0
node 128 -29.3653488159 16.2974815369 2.36149549484 -mass 0 0 0 0 0 0
node 129 -29.5151176453 3.71926474571 2.60750246048 -mass 0 0 0 0 0 0
node 130 -29.3641300201 3.79601693153 2.62452220917 -mass 0 0 0 0 0 0
node 131 -29.9521236420 15.2645149231 2.80727267265 -mass 0 0 0 0 0 0
node 132 -29.7964344025 15.1620187759 2.79952073097 -mass 0 0 0 0 0 0
node 133 -29.9504337311 4.84485006332 3.09522032738 -mass 0 0 0 0 0 0
node 134 -29.7946701050 4.95523643494 3.11827135086 -mass 0 0 0 0 0 0
node 135 -30.5435867310 14.2627325058 3.07790565491 -mass 0 0 0 0 0 0
node 136 -30.3955211639 14.1407909393 3.06899023056 -mass 0 0 0 0 0 0
node 137 -30.5415115356 5.86004972458 3.38221931458 -mass 0 0 0 0 0 0
node 138 -30.3932170868 5.99138212204 3.40608119965 -mass 0 0 0 0 0 0
node 139 -31.2831134796 13.3828926086 3.17978239059 -mass 0 0 0 0 0 0
node 140 -31.1456565857 13.2485914230 3.17422103882 -mass 0 0 0 0 0 0
node 141 -31.2808837891 6.74391698837 3.46769022942 -mass 0 0 0 0 0 0
node 142 -31.1431198120 6.88785028458 3.48805952072 -mass 0 0 0 0 0 0
node 143 -32.1600990295 12.6373519897 3.10954976082 -mass 0 0 0 0 0 0
node 144 -32.0345420837 12.4913301468 3.11142492294 -mass 0 0 0 0 0 0
node 145 -32.1580200195 7.4838514328 3.35512542725 -mass 0 0 0 0 0 0
node 146 -32.0322341919 7.63866329193 3.36993169785 -mass 0 0 0 0 0 0
node 147 -33.1626396179 12.0378313065 2.85977029800 -mass 0 0 0 0 0 0
node 148 -33.0568389893 11.8825130463 2.86858272552 -mass 0 0 0 0 0 0
node 149 -33.1609458923 8.06897354126 3.05008745193 -mass 0 0 0 0 0 0
node 150 -33.0550689697 8.23134708405 3.05897879601 -mass 0 0 0 0 0 0
node 151 -34.2709770203 11.5936307907 2.4235060215 -mass 0 0 0 0 0 0
node 152 -34.1972961426 11.4408683777 2.43313241005 -mass 0 0 0 0 0 0
node 153 -34.2697448730 8.49172306061 2.55848860741 -mass 0 0 0 0 0 0
node 154 -34.1960754395 8.64923763275 2.56263613701 -mass 0 0 0 0 0 0
node 155 -35.4530029297 11.3021907806 1.79994130135 -mass 0 0 0 0 0 0
node 156 -35.4097747803 11.1493616104 1.80704164505 -mass 0 0 0 0 0 0
node 157 -35.4522132874 8.75695705414 1.88507068157 -mass 0 0 0 0 0 0
node 158 -35.4090232849 8.91252231598 1.88649702072 -mass 0 0 0 0 0 0
node 159 -36.6782569885 11.1635799408 0.991599440575 -mass 0 0 0 0 0 0
node 160 -36.6588821411 10.9820222855 0.995206534863 -mass 0 0 0 0 0 0
node 161 -36.6778717041 8.86662673950 1.03255093098 -mass 0 0 0 0 0 0
node 162 -36.6585273743 9.04939937592 1.03286290169 -mass 0 0 0 0 0 0
node 163 -37.9228782654 11.2065258026 0.00197089812718 -mass 0 0 0 0 0 0
node 164 -37.9228477478 10.9054584503 0.00197697826661 -mass 0 0 0 0 0 0
node 165 -37.9228782654 8.79352474213 0.00203991448507 -mass 0 0 0 0 0 0
node 166 -37.9228439331 9.09459495544 0.00204043835402 -mass 0 0 0 0 0 0
node 167 -37.9227867126 10.6037321091 0.00198932085186 -mass 0 0 0 0 0 0
node 168 -36.6246528625 10.7096881866 1.00252997875 -mass 0 0 0 0 0 0
node 169 -37.9227256775 10.3019094467 0.00200701807626 -mass 0 0 0 0 0 0
node 170 -36.5870208740 10.3806343079 1.01303386688 -mass 0 0 0 0 0 0
node 171 -37.9226913452 10.0000314713 0.00202556187287 -mass 0 0 0 0 0 0
node 172 -36.5670280457 10.0184984207 1.02404415607 -mass 0 0 0 0 0 0
node 173 -37.9227256775 9.69815063477 0.00203630118631 -mass 0 0 0 0 0 0
node 174 -36.5868492126 9.65518760681 1.03041458130 -mass 0 0 0 0 0 0
node 175 -37.9227867126 9.39632415771 0.00204013427719 -mass 0 0 0 0 0 0
node 176 -36.6243591309 9.32385158539 1.03268527985 -mass 0 0 0 0 0 0
node 177 -20.6700763702 10.8723659515 1.82221245766 -mass 0 0 0 0 0 0
node 178 -20.6707210541 9.19449520111 1.88774549961 -mass 0 0 0 0 0 0
node 179 -20.7663173676 10.4924411774 1.84587657452 -mass 0 0 0 0 0 0
node 180 -20.7667217255 9.58025074005 1.88521504402 -mass 0 0 0 0 0 0
node 181 -20.8284568787 10.0381393433 1.87302458286 -mass 0 0 0 0 0 0
node 182 -21.9484176636 11.1379699707 2.45572805405 -mass 0 0 0 0 0 0
node 183 -21.9495429993 8.96135711670 2.56891202927 -mass 0 0 0 0 0 0
node 184 -22.1537609100 10.6786260605 2.49756217003 -mass 0 0 0 0 0 0
node 185 -22.1545524597 9.43318176270 2.57200264931 -mass 0 0 0 0 0 0
node 186 -22.3478145599 10.0613651276 2.55928969383 -mass 0 0 0 0 0 0
node 187 -23.1671257019 11.5600194931 2.89233565331 -mass 0 0 0 0 0 0
node 188 -23.1689720154 8.56851577759 3.07559561729 -mass 0 0 0 0 0 0
node 189 -23.5524921417 11.0227289200 2.95168447495 -mass 0 0 0 0 0 0
node 190 -23.5541343689 9.12975215912 3.09692621231 -mass 0 0 0 0 0 0
node 191 -24.2544860840 10.0955133438 3.11690139771 -mass 0 0 0 0 0 0
node 192 -24.2244319916 12.1968650818 3.11567974091 -mass 0 0 0 0 0 0
node 193 -24.2272815704 7.95160436630 3.39990115166 -mass 0 0 0 0 0 0
node 194 -24.6345920563 11.7567567825 3.12227225304 -mass 0 0 0 0 0 0
node 195 -24.6385288239 8.42179965973 3.44554066658 -mass 0 0 0 0 0 0
node 196 -25.2216186523 11.2253007889 3.12219309807 -mass 0 0 0 0 0 0
node 197 -25.2278709412 8.99792861938 3.50791358948 -mass 0 0 0 0 0 0
node 198 -25.9675502777 9.33403015137 3.59483098984 -mass 0 0 0 0 0 0
node 199 -25.6229934692 10.1360034943 3.28574490547 -mass 0 0 0 0 0 0
node 200 -25.9553031921 10.9503698349 3.04167866707 -mass 0 0 0 0 0 0
node 201 -25.1305503845 12.9793529510 3.15901994705 -mass 0 0 0 0 0 0
node 202 -25.1338558197 7.17744016647 3.53087377548 -mass 0 0 0 0 0 0
node 203 -25.5398311615 12.5821313858 3.12186646461 -mass 0 0 0 0 0 0
node 204 -25.5448265076 7.60791397095 3.59975934029 -mass 0 0 0 0 0 0
node 205 -26.4922142029 9.55493068695 3.59884643555 -mass 0 0 0 0 0 0
node 206 -26.3146324158 10.1641025543 3.21190476418 -mass 0 0 0 0 0 0
node 207 -26.4673080444 10.7840471268 2.77319455147 -mass 0 0 0 0 0 0
node 208 -26.0420932770 12.0985651016 3.03025507927 -mass 0 0 0 0 0 0
node 209 -26.0509147644 8.14036941528 3.69671964645 -mass 0 0 0 0 0 0
node 210 -25.9035930634 13.8898210526 3.04664635658 -mass 0 0 0 0 0 0
node 211 -25.9064369202 6.26239156723 3.45811414719 -mass 0 0 0 0 0 0
node 212 -26.5092926025 11.6561260223 2.80791592598 -mass 0 0 0 0 0 0
node 213 -26.5271244049 8.64725875854 3.80915713310 -mass 0 0 0 0 0 0
node 214 -26.3520870209 13.4938526154 2.99825263023 -mass 0 0 0 0 0 0
node 215 -26.3560066223 6.69204759598 3.54824209213 -mass 0 0 0 0 0 0
node 216 -26.8434123993 11.3390111923 2.34782600403 -mass 0 0 0 0 0 0
node 217 -26.8816070557 9.02985286713 3.87448239326 -mass 0 0 0 0 0 0
node 218 -26.5272579193 14.9452867508 2.78265523911 -mass 0 0 0 0 0 0
node 219 -26.5291004181 5.18869781494 3.16959762573 -mass 0 0 0 0 0 0
node 220 -26.8976345062 12.9307003021 2.89137840271 -mass 0 0 0 0 0 0
node 221 -26.9038372040 7.30837774277 3.69238805771 -mass 0 0 0 0 0 0
node 222 -27.1963577271 12.2365579605 2.63423633575 -mass 0 0 0 0 0 0
node 223 -27.2084293365 8.08478355408 3.89293575287 -mass 0 0 0 0 0 0
node 224 -27.0672874451 14.5727577209 2.75545263290 -mass 0 0 0 0 0 0
node 225 -27.0689258575 5.58950662613 3.26504588127 -mass 0 0 0 0 0 0
node 226 -27.3785057068 11.7739648819 2.10945606232 -mass 0 0 0 0 0 0
node 227 -27.4027576447 8.64325523376 4.02306461334 -mass 0 0 0 0 0 0
node 228 -26.9345836639 16.1565475464 2.35133194923 -mass 0 0 0 0 0 0
node 229 -26.9357070923 3.94765663147 2.65929603577 -mass 0 0 0 0 0 0
node 230 -28.0 13.8938245773 2.72510147095 -mass 0 0 0 0 0 0
node 231 -28.0 6.31631040573 3.45399427414 -mass 0 0 0 0 0 0
node 232 -27.1866207123 17.4253597260 1.74537312984 -mass 0 0 0 0 0 0
node 233 -27.1872634888 2.64494109154 1.95471048355 -mass 0 0 0 0 0 0
node 234 -27.3898067474 15.9580650330 2.33813190460 -mass 0 0 0 0 0 0
node 235 -27.3905982971 4.16097116470 2.71068644524 -mass 0 0 0 0 0 0
node 236 -28.0 12.5854406357 2.55052542686 -mass 0 0 0 0 0 0
node 237 -28.0 7.74024200439 3.86947536469 -mass 0 0 0 0 0 0
node 238 -27.5573539734 17.3323612213 1.73931193352 -mass 0 0 0 0 0 0
node 239 -27.5577564240 2.74486708641 1.97876441479 -mass 0 0 0 0 0 0
node 240 -28.0 11.9748229980 2.03085780144 -mass 0 0 0 0 0 0
node 241 -28.0 8.47509098053 4.06037712097 -mass 0 0 0 0 0 0
node 242 -28.0 15.7705917358 2.32875895500 -mass 0 0 0 0 0 0
node 243 -28.0 4.36185407639 2.76197147369 -mass 0 0 0 0 0 0
node 244 -28.0 17.2724132538 1.73599791527 -mass 0 0 0 0 0 0
node 245 -28.0 2.80916476250 1.99485111237 -mass 0 0 0 0 0 0
node 246 -28.4426460266 17.3323612213 1.73931193352 -mass 0 0 0 0 0 0
node 247 -28.6101932526 15.9580650330 2.33813190460 -mass 0 0 0 0 0 0
node 248 -28.9327125549 14.5727577209 2.75545263290 -mass 0 0 0 0 0 0
node 249 -29.1023654938 12.9307003021 2.89137840271 -mass 0 0 0 0 0 0
node 250 -28.8036422729 12.2365579605 2.63423633575 -mass 0 0 0 0 0 0
node 251 -29.6479148865 13.4938526154 2.99825263023 -mass 0 0 0 0 0 0
node 252 -28.6214942932 11.7739648819 2.10945606232 -mass 0 0 0 0 0 0
node 253 -28.5972442627 8.64325523376 4.02306461334 -mass 0 0 0 0 0 0
node 254 -28.7915706635 8.08478355408 3.89293575287 -mass 0 0 0 0 0 0
node 255 -29.0961627960 7.30837774277 3.69238805771 -mass 0 0 0 0 0 0
node 256 -28.9310741425 5.58950662613 3.26504588127 -mass 0 0 0 0 0 0
node 257 -28.6094036102 4.16097116470 2.71068644524 -mass 0 0 0 0 0 0
node 258 -29.6439933777 6.69204759598 3.54824209213 -mass 0 0 0 0 0 0
node 259 -28.4422435760 2.74486708641 1.97876441479 -mass 0 0 0 0 0 0
node 260 -28.8133792877 17.4253597260 1.74537312984 -mass 0 0 0 0 0 0
node 261 -28.8127365112 2.64494109154 1.95471048355 -mass 0 0 0 0 0 0
node 262 -29.0654163361 16.1565475464 2.35133194923 -mass 0 0 0 0 0 0
node 263 -29.0642929077 3.94765663147 2.65929603577 -mass 0 0 0 0 0 0
node 264 -29.4727439880 14.9452867508 2.78265523911 -mass 0 0 0 0 0 0
node 265 -29.4708995819 5.18869781494 3.16959762573 -mass 0 0 0 0 0 0
node 266 -30.0964069366 13.8898210526 3.04664635658 -mass 0 0 0 0 0 0
node 267 -30.0935630798 6.26239156723 3.45811414719 -mass 0 0 0 0 0 0
node 268 -29.1565876007 11.3390111923 2.34782600403 -mass 0 0 0 0 0 0
node 269 -29.1183948517 9.02985286713 3.87448239326 -mass 0 0 0 0 0 0
node 270 -29.4907093048 11.6561260223 2.80791592598 -mass 0 0 0 0 0 0
node 271 -29.4728755951 8.64725875854 3.80915713310 -mass 0 0 0 0 0 0
node 272 -29.9579067230 12.0985651016 3.03025507927 -mass 0 0 0 0 0 0
node 273 -29.9490852356 8.14036941528 3.69671964645 -mass 0 0 0 0 0 0
node 274 -30.4601707458 12.5821313858 3.12186646461 -mass 0 0 0 0 0 0
node 275 -30.4551734924 7.60791397095 3.59975934029 -mass 0 0 0 0 0 0
node 276 -29.5326938629 10.7840471268 2.77319455147 -mass 0 0 0 0 0 0
node 277 -29.5077857971 9.55493068695 3.59884643555 -mass 0 0 0 0 0 0
node 278 -30.0446987152 10.9503698349 3.04167866707 -mass 0 0 0 0 0 0
node 279 -30.0324497223 9.33403015137 3.59483098984 -mass 0 0 0 0 0 0
node 280 -30.8694515228 12.9793529510 3.15901994705 -mass 0 0 0 0 0 0
node 281 -30.8661441803 7.17744016647 3.53087377548 -mass 0 0 0 0 0 0
node 282 -30.7783813477 11.2253007889 3.12219309807 -mass 0 0 0 0 0 0
node 283 -30.7721309662 8.99792861938 3.50791358948 -mass 0 0 0 0 0 0
node 284 -29.6853675842 10.1641025543 3.21190476418 -mass 0 0 0 0 0 0
node 285 -31.3654079437 11.7567567825 3.12227225304 -mass 0 0 0 0 0 0
node 286 -31.3614730835 8.42179965973 3.44554066658 -mass 0 0 0 0 0 0
node 287 -30.3770084381 10.1360034943 3.28574490547 -mass 0 0 0 0 0 0
node 288 -31.7755680084 12.1968650818 3.11567974091 -mass 0 0 0 0 0 0
node 289 -31.7727203369 7.95160436630 3.39990115166 -mass 0 0 0 0 0 0
node 290 -31.7455139160 10.0955133438 3.11690139771 -mass 0 0 0 0 0 0
node 291 -32.4475097656 11.0227289200 2.95168447495 -mass 0 0 0 0 0 0
node 292 -32.4458656311 9.12975215912 3.09692621231 -mass 0 0 0 0 0 0
node 293 -32.8328742981 11.5600194931 2.89233565331 -mass 0 0 0 0 0 0
node 294 -32.8310279846 8.56851577759 3.07559561729 -mass 0 0 0 0 0 0
node 295 -33.8462409973 10.6786260605 2.49756217003 -mass 0 0 0 0 0 0
node 296 -33.6521873474 10.0613651276 2.55928969383 -mass 0 0 0 0 0 0
node 297 -33.8454475403 9.43318176270 2.57200264931 -mass 0 0 0 0 0 0
node 298 -34.0515823364 11.1379699707 2.45572805405 -mass 0 0 0 0 0 0
node 299 -34.0504570007 8.96135711670 2.56891202927 -mass 0 0 0 0 0 0
node 300 -35.2336845398 10.4924411774 1.84587657452 -mass 0 0 0 0 0 0
node 301 -35.1715431213 10.0381393433 1.87302458286 -mass 0 0 0 0 0 0
node 302 -35.2332801819 9.58025074005 1.88521504402 -mass 0 0 0 0 0 0
node 303 -35.3299255371 10.8723659515 1.82221245766 -mass 0 0 0 0 0 0
node 304 -35.3292808533 9.19449520111 1.88774549961 -mass 0 0 0 0 0 0
fix 3 1 1 1 0 0 0
fix 2 1 1 1 0 0 0
fix 6 1 1 1 0 0 0
fix 8 1 1 1 0 0 0
fix 10 1 1 1 0 0 0
fix 12 1 1 1 0 0 0
fix 14 1 1 1 0 0 0
fix 16 1 1 1 0 0 0
fix 18 1 1 1 0 0 0
fix 70 1 1 1 0 0 0
fix 72 1 1 1 0 0 0
fix 66 1 1 1 0 0 0
fix 69 1 1 1 0 0 0
fix 71 1 1 1 0 0 0
fix 77 1 1 1 0 0 0
fix 79 1 1 1 0 0 0
fix 73 1 1 1 0 0 0
fix 81 1 1 1 0 0 0
fix 83 1 1 1 0 0 0
fix 90 1 1 1 0 0 0
fix 86 1 1 1 0 0 0
fix 91 1 1 1 0 0 0
fix 94 1 1 1 0 0 0
fix 100 1 1 1 0 0 0
fix 96 1 1 1 0 0 0
fix 102 1 1 1 0 0 0
fix 104 1 1 1 0 0 0
fix 110 1 1 1 0 0 0
fix 112 1 1 1 0 0 0
fix 105 1 1 1 0 0 0
fix 113 1 1 1 0 0 0
fix 115 1 1 1 0 0 0
fix 163 1 1 1 0 0 0
fix 164 1 1 1 0 0 0
fix 167 1 1 1 0 0 0
fix 169 1 1 1 0 0 0
fix 171 1 1 1 0 0 0
fix 173 1 1 1 0 0 0
fix 175 1 1 1 0 0 0
fix 166 1 1 1 0 0 0
fix 165 1 1 1 0 0 0
nDMaterial ElasticIsotropic 1 30000000000.0 0.3 2500.0

section PlateFiber 1 1 0.15

element ASDShellQ4 1 1 2 3 4 1

element ASDShellQ4 2 5 6 2 1 1

element ASDShellQ4 3 7 8 6 5 1

element ASDShellQ4 4 9 10 8 7 1

element ASDShellQ4 5 9 11 12 10 1

element ASDShellQ4 6 11 13 14 12 1

element ASDShellQ4 7 13 15 16 14 1

element ASDShellQ4 8 15 17 18 16 1

element ASDShellQ4 9 19 1 4 20 1

element ASDShellQ4 10 21 22 17 15 1

element ASDShellQ4 11 23 19 20 24 1

element ASDShellQ4 12 25 26 22 21 1

element ASDShellQ4 13 27 23 24 28 1

element ASDShellQ4 14 29 30 26 25 1

element ASDShellQ4 15 31 27 28 32 1

element ASDShellQ4 16 33 34 30 29 1

element ASDShellQ4 17 35 31 32 36 1

element ASDShellQ4 18 37 38 34 33 1

element ASDShellQ4 19 39 35 36 40 1

element ASDShellQ4 20 41 42 38 37 1

element ASDShellQ4 21 43 39 40 44 1

element ASDShellQ4 22 45 46 42 41 1

element ASDShellQ4 23 47 43 44 48 1

element ASDShellQ4 24 49 50 46 45 1

element ASDShellQ4 25 51 47 48 52 1

element ASDShellQ4 26 53 54 50 49 1

element ASDShellQ4 27 55 56 57 58 1

element ASDShellQ4 28 59 60 57 56 1

element ASDShellQ4 29 61 51 52 62 1

element ASDShellQ4 30 63 64 54 53 1

element ASDShellQ4 31 65 66 55 58 1

element ASDShellQ4 32 67 68 60 59 1

element ASDShellQ4 33 69 61 62 70 1

element ASDShellQ4 34 71 72 64 63 1

element ASDShellQ4 35 73 66 65 74 1

element ASDShellQ4 36 75 76 68 67 1

element ASDShellQ4 37 77 78 61 69 1

element ASDShellQ4 38 79 71 63 80 1

element ASDShellQ4 39 81 82 78 77 1

element ASDShellQ4 40 83 79 80 84 1

element ASDShellQ4 41 85 86 73 74 1

element ASDShellQ4 42 87 76 75 88 1

element ASDShellQ4 43 89 82 81 90 1

element ASDShellQ4 44 91 83 84 92 1

element ASDShellQ4 45 93 89 90 94 1

element ASDShellQ4 46 95 96 86 85 1

element ASDShellQ4 47 97 87 88 98 1

element ASDShellQ4 48 99 100 91 92 1

element ASDShellQ4 49 101 93 94 102 1

element ASDShellQ4 50 103 104 100 99 1

element ASDShellQ4 51 105 96 95 106 1

element ASDShellQ4 52 107 97 98 108 1

element ASDShellQ4 53 109 101 102 110 1

element ASDShellQ4 54 111 112 104 103 1

element ASDShellQ4 55 113 114 109 110 1

element ASDShellQ4 56 115 112 111 116 1

element ASDShellQ4 57 117 118 105 106 1

element ASDShellQ4 58 119 107 108 120 1

element ASDShellQ4 59 121 122 109 114 1

element ASDShellQ4 60 123 116 111 124 1

element ASDShellQ4 61 125 126 118 117 1

element ASDShellQ4 62 125 119 120 126 1

element ASDShellQ4 63 127 128 122 121 1

element ASDShellQ4 64 129 123 124 130 1

element ASDShellQ4 65 131 132 128 127 1

element ASDShellQ4 66 133 129 130 134 1

element ASDShellQ4 67 135 136 132 131 1

element ASDShellQ4 68 137 133 134 138 1

element ASDShellQ4 69 139 140 136 135 1

element ASDShellQ4 70 141 137 138 142 1

element ASDShellQ4 71 143 144 140 139 1

element ASDShellQ4 72 145 141 142 146 1

element ASDShellQ4 73 147 148 144 143 1

element ASDShellQ4 74 149 145 146 150 1

element ASDShellQ4 75 151 152 148 147 1

element ASDShellQ4 76 153 149 150 154 1

element ASDShellQ4 77 155 156 152 151 1

element ASDShellQ4 78 157 153 154 158 1

element ASDShellQ4 79 159 160 156 155 1

element ASDShellQ4 80 161 157 158 162 1

element ASDShellQ4 81 163 164 160 159 1

element ASDShellQ4 82 165 161 162 166 1

element ASDShellQ4 83 164 167 168 160 1

element ASDShellQ4 84 167 169 170 168 1

element ASDShellQ4 85 169 171 172 170 1

element ASDShellQ4 86 173 174 172 171 1

element ASDShellQ4 87 175 176 174 173 1

element ASDShellQ4 88 166 162 176 175 1

element ASDShellQ4 89 177 5 1 19 1

element ASDShellQ4 90 178 21 15 13 1

element ASDShellQ4 91 179 7 5 177 1

element ASDShellQ4 92 180 178 13 11 1

element ASDShellQ4 93 181 9 7 179 1

element ASDShellQ4 94 181 180 11 9 1

element ASDShellQ4 95 182 177 19 23 1

element ASDShellQ4 96 183 25 21 178 1

element ASDShellQ4 97 184 179 177 182 1

element ASDShellQ4 98 185 183 178 180 1

element ASDShellQ4 99 186 181 179 184 1

element ASDShellQ4 100 186 185 180 181 1

element ASDShellQ4 101 187 182 23 27 1

element ASDShellQ4 102 188 29 25 183 1

element ASDShellQ4 103 189 184 182 187 1

element ASDShellQ4 104 190 188 183 185 1

element ASDShellQ4 105 191 186 184 189 1

element ASDShellQ4 106 191 190 185 186 1

element ASDShellQ4 107 192 187 27 31 1

element ASDShellQ4 108 193 33 29 188 1

element ASDShellQ4 109 194 189 187 192 1

element ASDShellQ4 110 195 193 188 190 1

element ASDShellQ4 111 196 191 189 194 1

element ASDShellQ4 112 197 195 190 191 1

element ASDShellQ4 113 198 197 191 199 1

element ASDShellQ4 114 200 199 191 196 1

element ASDShellQ4 115 201 192 31 35 1

element ASDShellQ4 116 202 37 33 193 1

element ASDShellQ4 117 203 194 192 201 1

element ASDShellQ4 118 204 202 193 195 1

element ASDShellQ4 119 205 198 199 206 1

element ASDShellQ4 120 207 206 199 200 1

element ASDShellQ4 121 208 196 194 203 1

element ASDShellQ4 122 209 204 195 197 1

element ASDShellQ4 123 210 201 35 39 1

element ASDShellQ4 124 211 41 37 202 1

element ASDShellQ4 125 212 200 196 208 1

element ASDShellQ4 126 213 209 197 198 1

element ASDShellQ4 127 60 205 206 57 1

element ASDShellQ4 128 58 57 206 207 1

element ASDShellQ4 129 214 203 201 210 1

element ASDShellQ4 130 215 211 202 204 1

element ASDShellQ4 131 216 207 200 212 1

element ASDShellQ4 132 217 213 198 205 1

element ASDShellQ4 133 218 210 39 43 1

element ASDShellQ4 134 219 45 41 211 1

element ASDShellQ4 135 220 208 203 214 1

element ASDShellQ4 136 221 215 204 209 1

element ASDShellQ4 137 65 58 207 216 1

element ASDShellQ4 138 68 217 205 60 1

element ASDShellQ4 139 222 212 208 220 1

element ASDShellQ4 140 223 221 209 213 1

element ASDShellQ4 141 224 214 210 218 1

element ASDShellQ4 142 225 219 211 215 1

element ASDShellQ4 143 226 216 212 222 1

element ASDShellQ4 144 227 223 213 217 1

element ASDShellQ4 145 228 218 43 47 1

element ASDShellQ4 146 229 49 45 219 1

element ASDShellQ4 147 230 220 214 224 1

element ASDShellQ4 148 231 225 215 221 1

element ASDShellQ4 149 232 228 47 51 1

element ASDShellQ4 150 233 53 49 229 1

element ASDShellQ4 151 74 65 216 226 1

element ASDShellQ4 152 76 227 217 68 1

element ASDShellQ4 153 78 232 51 61 1

element ASDShellQ4 154 80 63 53 233 1

element ASDShellQ4 155 234 224 218 228 1

element ASDShellQ4 156 235 229 219 225 1

element ASDShellQ4 157 236 222 220 230 1

element ASDShellQ4 158 231 221 223 237 1

element ASDShellQ4 159 238 234 228 232 1

element ASDShellQ4 160 239 233 229 235 1

element ASDShellQ4 161 240 226 222 236 1

element ASDShellQ4 162 237 223 227 241 1

element ASDShellQ4 163 82 238 232 78 1

element ASDShellQ4 164 84 80 233 239 1

element ASDShellQ4 165 85 74 226 240 1

element ASDShellQ4 166 241 227 76 87 1

element ASDShellQ4 167 230 224 234 242 1

element ASDShellQ4 168 243 235 225 231 1

element ASDShellQ4 169 242 234 238 244 1

element ASDShellQ4 170 245 239 235 243 1

element ASDShellQ4 171 244 238 82 89 1

element ASDShellQ4 172 92 84 239 245 1

element ASDShellQ4 173 246 244 89 93 1

element ASDShellQ4 174 247 242 244 246 1

element ASDShellQ4 175 248 230 242 247 1

element ASDShellQ4 176 249 250 236 230 1

element ASDShellQ4 177 251 249 230 248 1

element ASDShellQ4 178 250 252 240 236 1

element ASDShellQ4 179 252 95 85 240 1

element ASDShellQ4 180 253 241 87 97 1

element ASDShellQ4 181 254 237 241 253 1

element ASDShellQ4 182 255 231 237 254 1

element ASDShellQ4 183 256 257 243 231 1

element ASDShellQ4 184 258 256 231 255 1

element ASDShellQ4 185 257 259 245 243 1

element ASDShellQ4 186 259 99 92 245 1

element ASDShellQ4 187 260 246 93 101 1

element ASDShellQ4 188 261 103 99 259 1

element ASDShellQ4 189 262 247 246 260 1

element ASDShellQ4 190 263 261 259 257 1

element ASDShellQ4 191 264 248 247 262 1

element ASDShellQ4 192 265 263 257 256 1

element ASDShellQ4 193 266 251 248 264 1

element ASDShellQ4 194 267 265 256 258 1

element ASDShellQ4 195 268 106 95 252 1

element ASDShellQ4 196 269 253 97 107 1

element ASDShellQ4 197 122 260 101 109 1

element ASDShellQ4 198 124 111 103 261 1

element ASDShellQ4 199 270 268 252 250 1

element ASDShellQ4 200 271 254 253 269 1

element ASDShellQ4 201 128 262 260 122 1

element ASDShellQ4 202 130 124 261 263 1

element ASDShellQ4 203 272 270 250 249 1

element ASDShellQ4 204 273 255 254 271 1

element ASDShellQ4 205 132 264 262 128 1

element ASDShellQ4 206 134 130 263 265 1

element ASDShellQ4 207 274 272 249 251 1

element ASDShellQ4 208 275 258 255 273 1

element ASDShellQ4 209 136 266 264 132 1

element ASDShellQ4 210 138 134 265 267 1

element ASDShellQ4 211 276 117 106 268 1

element ASDShellQ4 212 277 269 107 119 1

element ASDShellQ4 213 278 276 268 270 1

element ASDShellQ4 214 279 271 269 277 1

element ASDShellQ4 215 280 274 251 266 1

element ASDShellQ4 216 281 267 258 275 1

element ASDShellQ4 217 282 278 270 272 1

element ASDShellQ4 218 283 273 271 279 1

element ASDShellQ4 219 284 125 117 276 1

element ASDShellQ4 220 284 277 119 125 1

element ASDShellQ4 221 140 280 266 136 1

element ASDShellQ4 222 142 138 267 281 1

element ASDShellQ4 223 285 282 272 274 1

element ASDShellQ4 224 286 275 273 283 1

element ASDShellQ4 225 287 284 276 278 1

element ASDShellQ4 226 287 279 277 284 1

element ASDShellQ4 227 288 285 274 280 1

element ASDShellQ4 228 289 281 275 286 1

element ASDShellQ4 229 290 287 278 282 1

element ASDShellQ4 230 290 283 279 287 1

element ASDShellQ4 231 144 288 280 140 1

element ASDShellQ4 232 146 142 281 289 1

element ASDShellQ4 233 291 290 282 285 1

element ASDShellQ4 234 292 286 283 290 1

element ASDShellQ4 235 293 291 285 288 1

element ASDShellQ4 236 294 289 286 292 1

element ASDShellQ4 237 148 293 288 144 1

element ASDShellQ4 238 150 146 289 294 1

element ASDShellQ4 239 295 296 290 291 1

element ASDShellQ4 240 297 292 290 296 1

element ASDShellQ4 241 298 295 291 293 1

element ASDShellQ4 242 299 294 292 297 1

element ASDShellQ4 243 152 298 293 148 1

element ASDShellQ4 244 154 150 294 299 1

element ASDShellQ4 245 300 301 296 295 1

element ASDShellQ4 246 302 297 296 301 1

element ASDShellQ4 247 303 300 295 298 1

element ASDShellQ4 248 304 299 297 302 1

element ASDShellQ4 249 156 303 298 152 1

element ASDShellQ4 250 158 154 299 304 1

element ASDShellQ4 251 170 172 301 300 1

element ASDShellQ4 252 174 302 301 172 1

element ASDShellQ4 253 168 170 300 303 1

element ASDShellQ4 254 176 304 302 174 1

element ASDShellQ4 255 160 168 303 156 1

element ASDShellQ4 256 162 158 304 176 1

timeSeries Constant 1 -factor 1

pattern Plain 1 1 {
	load 1 0.0 0.0 -36.2011265856 0.0 0.0 0.0
	load 2 0.0 0.0 -36.2011265856 0.0 0.0 0.0
	load 3 0.0 0.0 -36.2011265856 0.0 0.0 0.0
	load 4 0.0 0.0 -36.2011265856 0.0 0.0 0.0
	load 5 0.0 0.0 -43.8474147891 0.0 0.0 0.0
	load 6 0.0 0.0 -43.8474147891 0.0 0.0 0.0
	load 2 0.0 0.0 -43.8474147891 0.0 0.0 0.0
	load 1 0.0 0.0 -43.8474147891 0.0 0.0 0.0
	load 7 0.0 0.0 -49.1858284000 0.0 0.0 0.0
	load 8 0.0 0.0 -49.1858284000 0.0 0.0 0.0
	load 6 0.0 0.0 -49.1858284000 0.0 0.0 0.0
	load 5 0.0 0.0 -49.1858284000 0.0 0.0 0.0
	load 9 0.0 0.0 -52.5452378129 0.0 0.0 0.0
	load 10 0.0 0.0 -52.5452378129 0.0 0.0 0.0
	load 8 0.0 0.0 -52.5452378129 0.0 0.0 0.0
	load 7 0.0 0.0 -52.5452378129 0.0 0.0 0.0
	load 9 0.0 0.0 -52.7904023707 0.0 0.0 0.0
	load 11 0.0 0.0 -52.7904023707 0.0 0.0 0.0
	load 12 0.0 0.0 -52.7904023707 0.0 0.0 0.0
	load 10 0.0 0.0 -52.7904023707 0.0 0.0 0.0
	load 11 0.0 0.0 -49.7674676268 0.0 0.0 0.0
	load 13 0.0 0.0 -49.7674676268 0.0 0.0 0.0
	load 14 0.0 0.0 -49.7674676268 0.0 0.0 0.0
	load 12 0.0 0.0 -49.7674676268 0.0 0.0 0.0
	load 13 0.0 0.0 -44.5541997978 0.0 0.0 0.0
	load 15 0.0 0.0 -44.5541997978 0.0 0.0 0.0
	load 16 0.0 0.0 -44.5541997978 0.0 0.0 0.0
	load 14 0.0 0.0 -44.5541997978 0.0 0.0 0.0
	load 15 0.0 0.0 -36.8464840396 0.0 0.0 0.0
	load 17 0.0 0.0 -36.8464840396 0.0 0.0 0.0
	load 18 0.0 0.0 -36.8464840396 0.0 0.0 0.0
	load 16 0.0 0.0 -36.8464840396 0.0 0.0 0.0
	load 19 0.0 0.0 -23.6778566991 0.0 0.0 0.0
	load 1 0.0 0.0 -23.6778566991 0.0 0.0 0.0
	load 4 0.0 0.0 -23.6778566991 0.0 0.0 0.0
	load 20 0.0 0.0 -23.6778566991 0.0 0.0 0.0
	load 21 0.0 0.0 -24.2851690658 0.0 0.0 0.0
	load 22 0.0 0.0 -24.2851690658 0.0 0.0 0.0
	load 17 0.0 0.0 -24.2851690658 0.0 0.0 0.0
	load 15 0.0 0.0 -24.2851690658 0.0 0.0 0.0
	load 23 0.0 0.0 -21.0334312764 0.0 0.0 0.0
	load 19 0.0 0.0 -21.0334312764 0.0 0.0 0.0
	load 20 0.0 0.0 -21.0334312764 0.0 0.0 0.0
	load 24 0.0 0.0 -21.0334312764 0.0 0.0 0.0
	load 25 0.0 0.0 -21.7569082146 0.0 0.0 0.0
	load 26 0.0 0.0 -21.7569082146 0.0 0.0 0.0
	load 22 0.0 0.0 -21.7569082146 0.0 0.0 0.0
	load 21 0.0 0.0 -21.7569082146 0.0 0.0 0.0
	load 27 0.0 0.0 -21.2323438318 0.0 0.0 0.0
	load 23 0.0 0.0 -21.2323438318 0.0 0.0 0.0
	load 24 0.0 0.0 -21.2323438318 0.0 0.0 0.0
	load 28 0.0 0.0 -21.2323438318 0.0 0.0 0.0
	load 29 0.0 0.0 -22.0742960245 0.0 0.0 0.0
	load 30 0.0 0.0 -22.0742960245 0.0 0.0 0.0
	load 26 0.0 0.0 -22.0742960245 0.0 0.0 0.0
	load 25 0.0 0.0 -22.0742960245 0.0 0.0 0.0
	load 31 0.0 0.0 -21.3125781661 0.0 0.0 0.0
	load 27 0.0 0.0 -21.3125781661 0.0 0.0 0.0
	load 28 0.0 0.0 -21.3125781661 0.0 0.0 0.0
	load 32 0.0 0.0 -21.3125781661 0.0 0.0 0.0
	load 33 0.0 0.0 -22.1949179016 0.0 0.0 0.0
	load 34 0.0 0.0 -22.1949179016 0.0 0.0 0.0
	load 30 0.0 0.0 -22.1949179016 0.0 0.0 0.0
	load 29 0.0 0.0 -22.1949179016 0.0 0.0 0.0
	load 35 0.0 0.0 -20.9066829080 0.0 0.0 0.0
	load 31 0.0 0.0 -20.9066829080 0.0 0.0 0.0
	load 32 0.0 0.0 -20.9066829080 0.0 0.0 0.0
	load 36 0.0 0.0 -20.9066829080 0.0 0.0 0.0
	load 37 0.0 0.0 -21.7631940235 0.0 0.0 0.0
	load 38 0.0 0.0 -21.7631940235 0.0 0.0 0.0
	load 34 0.0 0.0 -21.7631940235 0.0 0.0 0.0
	load 33 0.0 0.0 -21.7631940235 0.0 0.0 0.0
	load 39 0.0 0.0 -20.9052790656 0.0 0.0 0.0
	load 35 0.0 0.0 -20.9052790656 0.0 0.0 0.0
	load 36 0.0 0.0 -20.9052790656 0.0 0.0 0.0
	load 40 0.0 0.0 -20.9052790656 0.0 0.0 0.0
	load 41 0.0 0.0 -21.7238143337 0.0 0.0 0.0
	load 42 0.0 0.0 -21.7238143337 0.0 0.0 0.0
	load 38 0.0 0.0 -21.7238143337 0.0 0.0 0.0
	load 37 0.0 0.0 -21.7238143337 0.0 0.0 0.0
	load 43 0.0 0.0 -21.2543511531 0.0 0.0 0.0
	load 39 0.0 0.0 -21.2543511531 0.0 0.0 0.0
	load 40 0.0 0.0 -21.2543511531 0.0 0.0 0.0
	load 44 0.0 0.0 -21.2543511531 0.0 0.0 0.0
	load 45 0.0 0.0 -22.0555187990 0.0 0.0 0.0
	load 46 0.0 0.0 -22.0555187990 0.0 0.0 0.0
	load 42 0.0 0.0 -22.0555187990 0.0 0.0 0.0
	load 41 0.0 0.0 -22.0555187990 0.0 0.0 0.0
	load 47 0.0 0.0 -20.9885565997 0.0 0.0 0.0
	load 43 0.0 0.0 -20.9885565997 0.0 0.0 0.0
	load 44 0.0 0.0 -20.9885565997 0.0 0.0 0.0
	load 48 0.0 0.0 -20.9885565997 0.0 0.0 0.0
	load 49 0.0 0.0 -21.8114588546 0.0 0.0 0.0
	load 50 0.0 0.0 -21.8114588546 0.0 0.0 0.0
	load 46 0.0 0.0 -21.8114588546 0.0 0.0 0.0
	load 45 0.0 0.0 -21.8114588546 0.0 0.0 0.0
	load 51 0.0 0.0 -20.4425553146 0.0 0.0 0.0
	load 47 0.0 0.0 -20.4425553146 0.0 0.0 0.0
	load 48 0.0 0.0 -20.4425553146 0.0 0.0 0.0
	load 52 0.0 0.0 -20.4425553146 0.0 0.0 0.0
	load 53 0.0 0.0 -21.3441388408 0.0 0.0 0.0
	load 54 0.0 0.0 -21.3441388408 0.0 0.0 0.0
	load 50 0.0 0.0 -21.3441388408 0.0 0.0 0.0
	load 49 0.0 0.0 -21.3441388408 0.0 0.0 0.0
	load 55 0.0 0.0 -22.0397030473 0.0 0.0 0.0
	load 56 0.0 0.0 -22.0397030473 0.0 0.0 0.0
	load 57 0.0 0.0 -22.0397030473 0.0 0.0 0.0
	load 58 0.0 0.0 -22.0397030473 0.0 0.0 0.0
	load 59 0.0 0.0 -13.0661433997 0.0 0.0 0.0
	load 60 0.0 0.0 -13.0661433997 0.0 0.0 0.0
	load 57 0.0 0.0 -13.0661433997 0.0 0.0 0.0
	load 56 0.0 0.0 -13.0661433997 0.0 0.0 0.0
	load 61 0.0 0.0 -22.4716101199 0.0 0.0 0.0
	load 51 0.0 0.0 -22.4716101199 0.0 0.0 0.0
	load 52 0.0 0.0 -22.4716101199 0.0 0.0 0.0
	load 62 0.0 0.0 -22.4716101199 0.0 0.0 0.0
	load 63 0.0 0.0 -23.5803806325 0.0 0.0 0.0
	load 64 0.0 0.0 -23.5803806325 0.0 0.0 0.0
	load 54 0.0 0.0 -23.5803806325 0.0 0.0 0.0
	load 53 0.0 0.0 -23.5803806325 0.0 0.0 0.0
	load 65 0.0 0.0 -54.6680633438 0.0 0.0 0.0
	load 66 0.0 0.0 -54.6680633438 0.0 0.0 0.0
	load 55 0.0 0.0 -54.6680633438 0.0 0.0 0.0
	load 58 0.0 0.0 -54.6680633438 0.0 0.0 0.0
	load 67 0.0 0.0 -9.35453647495 0.0 0.0 0.0
	load 68 0.0 0.0 -9.35453647495 0.0 0.0 0.0
	load 60 0.0 0.0 -9.35453647495 0.0 0.0 0.0
	load 59 0.0 0.0 -9.35453647495 0.0 0.0 0.0
	load 69 0.0 0.0 -33.6363425140 0.0 0.0 0.0
	load 61 0.0 0.0 -33.6363425140 0.0 0.0 0.0
	load 62 0.0 0.0 -33.6363425140 0.0 0.0 0.0
	load 70 0.0 0.0 -33.6363425140 0.0 0.0 0.0
	load 71 0.0 0.0 -35.3776868319 0.0 0.0 0.0
	load 72 0.0 0.0 -35.3776868319 0.0 0.0 0.0
	load 64 0.0 0.0 -35.3776868319 0.0 0.0 0.0
	load 63 0.0 0.0 -35.3776868319 0.0 0.0 0.0
	load 73 0.0 0.0 -86.0274855955 0.0 0.0 0.0
	load 66 0.0 0.0 -86.0274855955 0.0 0.0 0.0
	load 65 0.0 0.0 -86.0274855955 0.0 0.0 0.0
	load 74 0.0 0.0 -86.0274855955 0.0 0.0 0.0
	load 75 0.0 0.0 -7.92244214219 0.0 0.0 0.0
	load 76 0.0 0.0 -7.92244214219 0.0 0.0 0.0
	load 68 0.0 0.0 -7.92244214219 0.0 0.0 0.0
	load 67 0.0 0.0 -7.92244214219 0.0 0.0 0.0
	load 77 0.0 0.0 -40.7558034648 0.0 0.0 0.0
	load 78 0.0 0.0 -40.7558034648 0.0 0.0 0.0
	load 61 0.0 0.0 -40.7558034648 0.0 0.0 0.0
	load 69 0.0 0.0 -40.7558034648 0.0 0.0 0.0
	load 79 0.0 0.0 -43.0017337356 0.0 0.0 0.0
	load 71 0.0 0.0 -43.0017337356 0.0 0.0 0.0
	load 63 0.0 0.0 -43.0017337356 0.0 0.0 0.0
	load 80 0.0 0.0 -43.0017337356 0.0 0.0 0.0
	load 81 0.0 0.0 -45.6211724887 0.0 0.0 0.0
	load 82 0.0 0.0 -45.6211724887 0.0 0.0 0.0
	load 78 0.0 0.0 -45.6211724887 0.0 0.0 0.0
	load 77 0.0 0.0 -45.6211724887 0.0 0.0 0.0
	load 83 0.0 0.0 -48.3209976400 0.0 0.0 0.0
	load 79 0.0 0.0 -48.3209976400 0.0 0.0 0.0
	load 80 0.0 0.0 -48.3209976400 0.0 0.0 0.0
	load 84 0.0 0.0 -48.3209976400 0.0 0.0 0.0
	load 85 0.0 0.0 -72.4850005455 0.0 0.0 0.0
	load 86 0.0 0.0 -72.4850005455 0.0 0.0 0.0
	load 73 0.0 0.0 -72.4850005455 0.0 0.0 0.0
	load 74 0.0 0.0 -72.4850005455 0.0 0.0 0.0
	load 87 0.0 0.0 -7.60486421368 0.0 0.0 0.0
	load 76 0.0 0.0 -7.60486421368 0.0 0.0 0.0
	load 75 0.0 0.0 -7.60486421368 0.0 0.0 0.0
	load 88 0.0 0.0 -7.60486421368 0.0 0.0 0.0
	load 89 0.0 0.0 -48.5379415767 0.0 0.0 0.0
	load 82 0.0 0.0 -48.5379415767 0.0 0.0 0.0
	load 81 0.0 0.0 -48.5379415767 0.0 0.0 0.0
	load 90 0.0 0.0 -48.5379415767 0.0 0.0 0.0
	load 91 0.0 0.0 -51.5643202268 0.0 0.0 0.0
	load 83 0.0 0.0 -51.5643202268 0.0 0.0 0.0
	load 84 0.0 0.0 -51.5643202268 0.0 0.0 0.0
	load 92 0.0 0.0 -51.5643202268 0.0 0.0 0.0
	load 93 0.0 0.0 -48.5379415767 0.0 0.0 0.0
	load 89 0.0 0.0 -48.5379415767 0.0 0.0 0.0
	load 90 0.0 0.0 -48.5379415767 0.0 0.0 0.0
	load 94 0.0 0.0 -48.5379415767 0.0 0.0 0.0
	load 95 0.0 0.0 -72.4850005455 0.0 0.0 0.0
	load 96 0.0 0.0 -72.4850005455 0.0 0.0 0.0
	load 86 0.0 0.0 -72.4850005455 0.0 0.0 0.0
	load 85 0.0 0.0 -72.4850005455 0.0 0.0 0.0
	load 97 0.0 0.0 -7.60487091945 0.0 0.0 0.0
	load 87 0.0 0.0 -7.60487091945 0.0 0.0 0.0
	load 88 0.0 0.0 -7.60487091945 0.0 0.0 0.0
	load 98 0.0 0.0 -7.60487091945 0.0 0.0 0.0
	load 99 0.0 0.0 -51.5643202268 0.0 0.0 0.0
	load 100 0.0 0.0 -51.5643202268 0.0 0.0 0.0
	load 91 0.0 0.0 -51.5643202268 0.0 0.0 0.0
	load 92 0.0 0.0 -51.5643202268 0.0 0.0 0.0
	load 101 0.0 0.0 -45.6211724887 0.0 0.0 0.0
	load 93 0.0 0.0 -45.6211724887 0.0 0.0 0.0
	load 94 0.0 0.0 -45.6211724887 0.0 0.0 0.0
	load 102 0.0 0.0 -45.6211724887 0.0 0.0 0.0
	load 103 0.0 0.0 -48.3209976400 0.0 0.0 0.0
	load 104 0.0 0.0 -48.3209976400 0.0 0.0 0.0
	load 100 0.0 0.0 -48.3209976400 0.0 0.0 0.0
	load 99 0.0 0.0 -48.3209976400 0.0 0.0 0.0
	load 105 0.0 0.0 -86.0274855955 0.0 0.0 0.0
	load 96 0.0 0.0 -86.0274855955 0.0 0.0 0.0
	load 95 0.0 0.0 -86.0274855955 0.0 0.0 0.0
	load 106 0.0 0.0 -86.0274855955 0.0 0.0 0.0
	load 107 0.0 0.0 -7.92240869118 0.0 0.0 0.0
	load 97 0.0 0.0 -7.92240869118 0.0 0.0 0.0
	load 98 0.0 0.0 -7.92240869118 0.0 0.0 0.0
	load 108 0.0 0.0 -7.92240869118 0.0 0.0 0.0
	load 109 0.0 0.0 -40.7558034648 0.0 0.0 0.0
	load 101 0.0 0.0 -40.7558034648 0.0 0.0 0.0
	load 102 0.0 0.0 -40.7558034648 0.0 0.0 0.0
	load 110 0.0 0.0 -40.7558034648 0.0 0.0 0.0
	load 111 0.0 0.0 -43.0017337356 0.0 0.0 0.0
	load 112 0.0 0.0 -43.0017337356 0.0 0.0 0.0
	load 104 0.0 0.0 -43.0017337356 0.0 0.0 0.0
	load 103 0.0 0.0 -43.0017337356 0.0 0.0 0.0
	load 113 0.0 0.0 -33.6363425140 0.0 0.0 0.0
	load 114 0.0 0.0 -33.6363425140 0.0 0.0 0.0
	load 109 0.0 0.0 -33.6363425140 0.0 0.0 0.0
	load 110 0.0 0.0 -33.6363425140 0.0 0.0 0.0
	load 115 0.0 0.0 -35.3778355842 0.0 0.0 0.0
	load 112 0.0 0.0 -35.3778355842 0.0 0.0 0.0
	load 111 0.0 0.0 -35.3778355842 0.0 0.0 0.0
	load 116 0.0 0.0 -35.3778355842 0.0 0.0 0.0
	load 117 0.0 0.0 -54.6681070106 0.0 0.0 0.0
	load 118 0.0 0.0 -54.6681070106 0.0 0.0 0.0
	load 105 0.0 0.0 -54.6681070106 0.0 0.0 0.0
	load 106 0.0 0.0 -54.6681070106 0.0 0.0 0.0
	load 119 0.0 0.0 -9.35453647495 0.0 0.0 0.0
	load 107 0.0 0.0 -9.35453647495 0.0 0.0 0.0
	load 108 0.0 0.0 -9.35453647495 0.0 0.0 0.0
	load 120 0.0 0.0 -9.35453647495 0.0 0.0 0.0
	load 121 0.0 0.0 -22.4716144803 0.0 0.0 0.0
	load 122 0.0 0.0 -22.4716144803 0.0 0.0 0.0
	load 109 0.0 0.0 -22.4716144803 0.0 0.0 0.0
	load 114 0.0 0.0 -22.4716144803 0.0 0.0 0.0
	load 123 0.0 0.0 -23.5805147661 0.0 0.0 0.0
	load 116 0.0 0.0 -23.5805147661 0.0 0.0 0.0
	load 111 0.0 0.0 -23.5805147661 0.0 0.0 0.0
	load 124 0.0 0.0 -23.5805147661 0.0 0.0 0.0
	load 125 0.0 0.0 -22.0397314964 0.0 0.0 0.0
	load 126 0.0 0.0 -22.0397314964 0.0 0.0 0.0
	load 118 0.0 0.0 -22.0397314964 0.0 0.0 0.0
	load 117 0.0 0.0 -22.0397314964 0.0 0.0 0.0
	load 125 0.0 0.0 -13.0662121421 0.0 0.0 0.0
	load 119 0.0 0.0 -13.0662121421 0.0 0.0 0.0
	load 120 0.0 0.0 -13.0662121421 0.0 0.0 0.0
	load 126 0.0 0.0 -13.0662121421 0.0 0.0 0.0
	load 127 0.0 0.0 -20.4425466091 0.0 0.0 0.0
	load 128 0.0 0.0 -20.4425466091 0.0 0.0 0.0
	load 122 0.0 0.0 -20.4425466091 0.0 0.0 0.0
	load 121 0.0 0.0 -20.4425466091 0.0 0.0 0.0
	load 129 0.0 0.0 -21.3441388408 0.0 0.0 0.0
	load 123 0.0 0.0 -21.3441388408 0.0 0.0 0.0
	load 124 0.0 0.0 -21.3441388408 0.0 0.0 0.0
	load 130 0.0 0.0 -21.3441388408 0.0 0.0 0.0
	load 131 0.0 0.0 -20.9885565997 0.0 0.0 0.0
	load 132 0.0 0.0 -20.9885565997 0.0 0.0 0.0
	load 128 0.0 0.0 -20.9885565997 0.0 0.0 0.0
	load 127 0.0 0.0 -20.9885565997 0.0 0.0 0.0
	load 133 0.0 0.0 -21.8115776130 0.0 0.0 0.0
	load 129 0.0 0.0 -21.8115776130 0.0 0.0 0.0
	load 130 0.0 0.0 -21.8115776130 0.0 0.0 0.0
	load 134 0.0 0.0 -21.8115776130 0.0 0.0 0.0
	load 135 0.0 0.0 -21.2543511531 0.0 0.0 0.0
	load 136 0.0 0.0 -21.2543511531 0.0 0.0 0.0
	load 132 0.0 0.0 -21.2543511531 0.0 0.0 0.0
	load 131 0.0 0.0 -21.2543511531 0.0 0.0 0.0
	load 137 0.0 0.0 -22.0556249371 0.0 0.0 0.0
	load 133 0.0 0.0 -22.0556249371 0.0 0.0 0.0
	load 134 0.0 0.0 -22.0556249371 0.0 0.0 0.0
	load 138 0.0 0.0 -22.0556249371 0.0 0.0 0.0
	load 139 0.0 0.0 -20.9052790656 0.0 0.0 0.0
	load 140 0.0 0.0 -20.9052790656 0.0 0.0 0.0
	load 136 0.0 0.0 -20.9052790656 0.0 0.0 0.0
	load 135 0.0 0.0 -20.9052790656 0.0 0.0 0.0
	load 141 0.0 0.0 -21.7237219914 0.0 0.0 0.0
	load 137 0.0 0.0 -21.7237219914 0.0 0.0 0.0
	load 138 0.0 0.0 -21.7237219914 0.0 0.0 0.0
	load 142 0.0 0.0 -21.7237219914 0.0 0.0 0.0
	load 143 0.0 0.0 -20.9067079465 0.0 0.0 0.0
	load 144 0.0 0.0 -20.9067079465 0.0 0.0 0.0
	load 140 0.0 0.0 -20.9067079465 0.0 0.0 0.0
	load 139 0.0 0.0 -20.9067079465 0.0 0.0 0.0
	load 145 0.0 0.0 -21.7630619223 0.0 0.0 0.0
	load 141 0.0 0.0 -21.7630619223 0.0 0.0 0.0
	load 142 0.0 0.0 -21.7630619223 0.0 0.0 0.0
	load 146 0.0 0.0 -21.7630619223 0.0 0.0 0.0
	load 147 0.0 0.0 -21.3125781661 0.0 0.0 0.0
	load 148 0.0 0.0 -21.3125781661 0.0 0.0 0.0
	load 144 0.0 0.0 -21.3125781661 0.0 0.0 0.0
	load 143 0.0 0.0 -21.3125781661 0.0 0.0 0.0
	load 149 0.0 0.0 -22.1949179361 0.0 0.0 0.0
	load 145 0.0 0.0 -22.1949179361 0.0 0.0 0.0
	load 146 0.0 0.0 -22.1949179361 0.0 0.0 0.0
	load 150 0.0 0.0 -22.1949179361 0.0 0.0 0.0
	load 151 0.0 0.0 -21.2322616937 0.0 0.0 0.0
	load 152 0.0 0.0 -21.2322616937 0.0 0.0 0.0
	load 148 0.0 0.0 -21.2322616937 0.0 0.0 0.0
	load 147 0.0 0.0 -21.2322616937 0.0 0.0 0.0
	load 153 0.0 0.0 -22.0743514536 0.0 0.0 0.0
	load 149 0.0 0.0 -22.0743514536 0.0 0.0 0.0
	load 150 0.0 0.0 -22.0743514536 0.0 0.0 0.0
	load 154 0.0 0.0 -22.0743514536 0.0 0.0 0.0
	load 155 0.0 0.0 -21.0333439466 0.0 0.0 0.0
	load 156 0.0 0.0 -21.0333439466 0.0 0.0 0.0
	load 152 0.0 0.0 -21.0333439466 0.0 0.0 0.0
	load 151 0.0 0.0 -21.0333439466 0.0 0.0 0.0
	load 157 0.0 0.0 -21.7569082146 0.0 0.0 0.0
	load 153 0.0 0.0 -21.7569082146 0.0 0.0 0.0
	load 154 0.0 0.0 -21.7569082146 0.0 0.0 0.0
	load 158 0.0 0.0 -21.7569082146 0.0 0.0 0.0
	load 159 0.0 0.0 -23.6779105762 0.0 0.0 0.0
	load 160 0.0 0.0 -23.6779105762 0.0 0.0 0.0
	load 156 0.0 0.0 -23.6779105762 0.0 0.0 0.0
	load 155 0.0 0.0 -23.6779105762 0.0 0.0 0.0
	load 161 0.0 0.0 -24.2851679899 0.0 0.0 0.0
	load 157 0.0 0.0 -24.2851679899 0.0 0.0 0.0
	load 158 0.0 0.0 -24.2851679899 0.0 0.0 0.0
	load 162 0.0 0.0 -24.2851679899 0.0 0.0 0.0
	load 163 0.0 0.0 -36.2011536821 0.0 0.0 0.0
	load 164 0.0 0.0 -36.2011536821 0.0 0.0 0.0
	load 160 0.0 0.0 -36.2011536821 0.0 0.0 0.0
	load 159 0.0 0.0 -36.2011536821 0.0 0.0 0.0
	load 165 0.0 0.0 -36.8464445561 0.0 0.0 0.0
	load 161 0.0 0.0 -36.8464445561 0.0 0.0 0.0
	load 162 0.0 0.0 -36.8464445561 0.0 0.0 0.0
	load 166 0.0 0.0 -36.8464445561 0.0 0.0 0.0
	load 164 0.0 0.0 -43.8474680473 0.0 0.0 0.0
	load 167 0.0 0.0 -43.8474680473 0.0 0.0 0.0
	load 168 0.0 0.0 -43.8474680473 0.0 0.0 0.0
	load 160 0.0 0.0 -43.8474680473 0.0 0.0 0.0
	load 167 0.0 0.0 -49.1858443207 0.0 0.0 0.0
	load 169 0.0 0.0 -49.1858443207 0.0 0.0 0.0
	load 170 0.0 0.0 -49.1858443207 0.0 0.0 0.0
	load 168 0.0 0.0 -49.1858443207 0.0 0.0 0.0
	load 169 0.0 0.0 -52.5452292143 0.0 0.0 0.0
	load 171 0.0 0.0 -52.5452292143 0.0 0.0 0.0
	load 172 0.0 0.0 -52.5452292143 0.0 0.0 0.0
	load 170 0.0 0.0 -52.5452292143 0.0 0.0 0.0
	load 173 0.0 0.0 -52.7903979236 0.0 0.0 0.0
	load 174 0.0 0.0 -52.7903979236 0.0 0.0 0.0
	load 172 0.0 0.0 -52.7903979236 0.0 0.0 0.0
	load 171 0.0 0.0 -52.7903979236 0.0 0.0 0.0
	load 175 0.0 0.0 -49.7674710543 0.0 0.0 0.0
	load 176 0.0 0.0 -49.7674710543 0.0 0.0 0.0
	load 174 0.0 0.0 -49.7674710543 0.0 0.0 0.0
	load 173 0.0 0.0 -49.7674710543 0.0 0.0 0.0
	load 166 0.0 0.0 -44.5541823819 0.0 0.0 0.0
	load 162 0.0 0.0 -44.5541823819 0.0 0.0 0.0
	load 176 0.0 0.0 -44.5541823819 0.0 0.0 0.0
	load 175 0.0 0.0 -44.5541823819 0.0 0.0 0.0
	load 177 0.0 0.0 -39.8807478152 0.0 0.0 0.0
	load 5 0.0 0.0 -39.8807478152 0.0 0.0 0.0
	load 1 0.0 0.0 -39.8807478152 0.0 0.0 0.0
	load 19 0.0 0.0 -39.8807478152 0.0 0.0 0.0
	load 178 0.0 0.0 -40.8497249260 0.0 0.0 0.0
	load 21 0.0 0.0 -40.8497249260 0.0 0.0 0.0
	load 15 0.0 0.0 -40.8497249260 0.0 0.0 0.0
	load 13 0.0 0.0 -40.8497249260 0.0 0.0 0.0
	load 179 0.0 0.0 -52.8182293196 0.0 0.0 0.0
	load 7 0.0 0.0 -52.8182293196 0.0 0.0 0.0
	load 5 0.0 0.0 -52.8182293196 0.0 0.0 0.0
	load 177 0.0 0.0 -52.8182293196 0.0 0.0 0.0
	load 180 0.0 0.0 -53.8430522967 0.0 0.0 0.0
	load 178 0.0 0.0 -53.8430522967 0.0 0.0 0.0
	load 13 0.0 0.0 -53.8430522967 0.0 0.0 0.0
	load 11 0.0 0.0 -53.8430522967 0.0 0.0 0.0
	load 181 0.0 0.0 -61.9479718028 0.0 0.0 0.0
	load 9 0.0 0.0 -61.9479718028 0.0 0.0 0.0
	load 7 0.0 0.0 -61.9479718028 0.0 0.0 0.0
	load 179 0.0 0.0 -61.9479718028 0.0 0.0 0.0
	load 181 0.0 0.0 -62.5042827763 0.0 0.0 0.0
	load 180 0.0 0.0 -62.5042827763 0.0 0.0 0.0
	load 11 0.0 0.0 -62.5042827763 0.0 0.0 0.0
	load 9 0.0 0.0 -62.5042827763 0.0 0.0 0.0
	load 182 0.0 0.0 -41.0577521284 0.0 0.0 0.0
	load 177 0.0 0.0 -41.0577521284 0.0 0.0 0.0
	load 19 0.0 0.0 -41.0577521284 0.0 0.0 0.0
	load 23 0.0 0.0 -41.0577521284 0.0 0.0 0.0
	load 183 0.0 0.0 -42.4292087382 0.0 0.0 0.0
	load 25 0.0 0.0 -42.4292087382 0.0 0.0 0.0
	load 21 0.0 0.0 -42.4292087382 0.0 0.0 0.0
	load 178 0.0 0.0 -42.4292087382 0.0 0.0 0.0
	load 184 0.0 0.0 -61.6191993650 0.0 0.0 0.0
	load 179 0.0 0.0 -61.6191993650 0.0 0.0 0.0
	load 177 0.0 0.0 -61.6191993650 0.0 0.0 0.0
	load 182 0.0 0.0 -61.6191993650 0.0 0.0 0.0
	load 185 0.0 0.0 -63.4079553617 0.0 0.0 0.0
	load 183 0.0 0.0 -63.4079553617 0.0 0.0 0.0
	load 178 0.0 0.0 -63.4079553617 0.0 0.0 0.0
	load 180 0.0 0.0 -63.4079553617 0.0 0.0 0.0
	load 186 0.0 0.0 -81.7279855608 0.0 0.0 0.0
	load 181 0.0 0.0 -81.7279855608 0.0 0.0 0.0
	load 179 0.0 0.0 -81.7279855608 0.0 0.0 0.0
	load 184 0.0 0.0 -81.7279855608 0.0 0.0 0.0
	load 186 0.0 0.0 -83.1168835786 0.0 0.0 0.0
	load 185 0.0 0.0 -83.1168835786 0.0 0.0 0.0
	load 180 0.0 0.0 -83.1168835786 0.0 0.0 0.0
	load 181 0.0 0.0 -83.1168835786 0.0 0.0 0.0
	load 187 0.0 0.0 -44.5434518689 0.0 0.0 0.0
	load 182 0.0 0.0 -44.5434518689 0.0 0.0 0.0
	load 23 0.0 0.0 -44.5434518689 0.0 0.0 0.0
	load 27 0.0 0.0 -44.5434518689 0.0 0.0 0.0
	load 188 0.0 0.0 -46.3296884945 0.0 0.0 0.0
	load 29 0.0 0.0 -46.3296884945 0.0 0.0 0.0
	load 25 0.0 0.0 -46.3296884945 0.0 0.0 0.0
	load 183 0.0 0.0 -46.3296884945 0.0 0.0 0.0
	load 189 0.0 0.0 -75.5061366401 0.0 0.0 0.0
	load 184 0.0 0.0 -75.5061366401 0.0 0.0 0.0
	load 182 0.0 0.0 -75.5061366401 0.0 0.0 0.0
	load 187 0.0 0.0 -75.5061366401 0.0 0.0 0.0
	load 190 0.0 0.0 -78.3941421849 0.0 0.0 0.0
	load 188 0.0 0.0 -78.3941421849 0.0 0.0 0.0
	load 183 0.0 0.0 -78.3941421849 0.0 0.0 0.0
	load 185 0.0 0.0 -78.3941421849 0.0 0.0 0.0
	load 191 0.0 0.0 -133.402588760 0.0 0.0 0.0
	load 186 0.0 0.0 -133.402588760 0.0 0.0 0.0
	load 184 0.0 0.0 -133.402588760 0.0 0.0 0.0
	load 189 0.0 0.0 -133.402588760 0.0 0.0 0.0
	load 191 0.0 0.0 -137.243050844 0.0 0.0 0.0
	load 190 0.0 0.0 -137.243050844 0.0 0.0 0.0
	load 185 0.0 0.0 -137.243050844 0.0 0.0 0.0
	load 186 0.0 0.0 -137.243050844 0.0 0.0 0.0
	load 192 0.0 0.0 -45.0114599745 0.0 0.0 0.0
	load 187 0.0 0.0 -45.0114599745 0.0 0.0 0.0
	load 27 0.0 0.0 -45.0114599745 0.0 0.0 0.0
	load 31 0.0 0.0 -45.0114599745 0.0 0.0 0.0
	load 193 0.0 0.0 -46.9913242233 0.0 0.0 0.0
	load 33 0.0 0.0 -46.9913242233 0.0 0.0 0.0
	load 29 0.0 0.0 -46.9913242233 0.0 0.0 0.0
	load 188 0.0 0.0 -46.9913242233 0.0 0.0 0.0
	load 194 0.0 0.0 -75.6056321024 0.0 0.0 0.0
	load 189 0.0 0.0 -75.6056321024 0.0 0.0 0.0
	load 187 0.0 0.0 -75.6056321024 0.0 0.0 0.0
	load 192 0.0 0.0 -75.6056321024 0.0 0.0 0.0
	load 195 0.0 0.0 -79.2332389276 0.0 0.0 0.0
	load 193 0.0 0.0 -79.2332389276 0.0 0.0 0.0
	load 188 0.0 0.0 -79.2332389276 0.0 0.0 0.0
	load 190 0.0 0.0 -79.2332389276 0.0 0.0 0.0
	load 196 0.0 0.0 -127.632601482 0.0 0.0 0.0
	load 191 0.0 0.0 -127.632601482 0.0 0.0 0.0
	load 189 0.0 0.0 -127.632601482 0.0 0.0 0.0
	load 194 0.0 0.0 -127.632601482 0.0 0.0 0.0
	load 197 0.0 0.0 -133.707081905 0.0 0.0 0.0
	load 195 0.0 0.0 -133.707081905 0.0 0.0 0.0
	load 190 0.0 0.0 -133.707081905 0.0 0.0 0.0
	load 191 0.0 0.0 -133.707081905 0.0 0.0 0.0
	load 198 0.0 0.0 -110.373750737 0.0 0.0 0.0
	load 197 0.0 0.0 -110.373750737 0.0 0.0 0.0
	load 191 0.0 0.0 -110.373750737 0.0 0.0 0.0
	load 199 0.0 0.0 -110.373750737 0.0 0.0 0.0
	load 200 0.0 0.0 -105.225515436 0.0 0.0 0.0
	load 199 0.0 0.0 -105.225515436 0.0 0.0 0.0
	load 191 0.0 0.0 -105.225515436 0.0 0.0 0.0
	load 196 0.0 0.0 -105.225515436 0.0 0.0 0.0
	load 201 0.0 0.0 -43.0945091095 0.0 0.0 0.0
	load 192 0.0 0.0 -43.0945091095 0.0 0.0 0.0
	load 31 0.0 0.0 -43.0945091095 0.0 0.0 0.0
	load 35 0.0 0.0 -43.0945091095 0.0 0.0 0.0
	load 202 0.0 0.0 -44.9558277639 0.0 0.0 0.0
	load 37 0.0 0.0 -44.9558277639 0.0 0.0 0.0
	load 33 0.0 0.0 -44.9558277639 0.0 0.0 0.0
	load 193 0.0 0.0 -44.9558277639 0.0 0.0 0.0
	load 203 0.0 0.0 -66.5209337449 0.0 0.0 0.0
	load 194 0.0 0.0 -66.5209337449 0.0 0.0 0.0
	load 192 0.0 0.0 -66.5209337449 0.0 0.0 0.0
	load 201 0.0 0.0 -66.5209337449 0.0 0.0 0.0
	load 204 0.0 0.0 -69.6524418080 0.0 0.0 0.0
	load 202 0.0 0.0 -69.6524418080 0.0 0.0 0.0
	load 193 0.0 0.0 -69.6524418080 0.0 0.0 0.0
	load 195 0.0 0.0 -69.6524418080 0.0 0.0 0.0
	load 205 0.0 0.0 -48.5745591406 0.0 0.0 0.0
	load 198 0.0 0.0 -48.5745591406 0.0 0.0 0.0
	load 199 0.0 0.0 -48.5745591406 0.0 0.0 0.0
	load 206 0.0 0.0 -48.5745591406 0.0 0.0 0.0
	load 207 0.0 0.0 -48.3535562422 0.0 0.0 0.0
	load 206 0.0 0.0 -48.3535562422 0.0 0.0 0.0
	load 199 0.0 0.0 -48.3535562422 0.0 0.0 0.0
	load 200 0.0 0.0 -48.3535562422 0.0 0.0 0.0
	load 208 0.0 0.0 -84.8761403744 0.0 0.0 0.0
	load 196 0.0 0.0 -84.8761403744 0.0 0.0 0.0
	load 194 0.0 0.0 -84.8761403744 0.0 0.0 0.0
	load 203 0.0 0.0 -84.8761403744 0.0 0.0 0.0
	load 209 0.0 0.0 -89.2298884590 0.0 0.0 0.0
	load 204 0.0 0.0 -89.2298884590 0.0 0.0 0.0
	load 195 0.0 0.0 -89.2298884590 0.0 0.0 0.0
	load 197 0.0 0.0 -89.2298884590 0.0 0.0 0.0
	load 210 0.0 0.0 -43.1177175808 0.0 0.0 0.0
	load 201 0.0 0.0 -43.1177175808 0.0 0.0 0.0
	load 35 0.0 0.0 -43.1177175808 0.0 0.0 0.0
	load 39 0.0 0.0 -43.1177175808 0.0 0.0 0.0
	load 211 0.0 0.0 -44.8700431144 0.0 0.0 0.0
	load 41 0.0 0.0 -44.8700431144 0.0 0.0 0.0
	load 37 0.0 0.0 -44.8700431144 0.0 0.0 0.0
	load 202 0.0 0.0 -44.8700431144 0.0 0.0 0.0
	load 212 0.0 0.0 -70.4404570970 0.0 0.0 0.0
	load 200 0.0 0.0 -70.4404570970 0.0 0.0 0.0
	load 196 0.0 0.0 -70.4404570970 0.0 0.0 0.0
	load 208 0.0 0.0 -70.4404570970 0.0 0.0 0.0
	load 213 0.0 0.0 -73.2842484574 0.0 0.0 0.0
	load 209 0.0 0.0 -73.2842484574 0.0 0.0 0.0
	load 197 0.0 0.0 -73.2842484574 0.0 0.0 0.0
	load 198 0.0 0.0 -73.2842484574 0.0 0.0 0.0
	load 60 0.0 0.0 -25.6172728475 0.0 0.0 0.0
	load 205 0.0 0.0 -25.6172728475 0.0 0.0 0.0
	load 206 0.0 0.0 -25.6172728475 0.0 0.0 0.0
	load 57 0.0 0.0 -25.6172728475 0.0 0.0 0.0
	load 58 0.0 0.0 -30.7813544535 0.0 0.0 0.0
	load 57 0.0 0.0 -30.7813544535 0.0 0.0 0.0
	load 206 0.0 0.0 -30.7813544535 0.0 0.0 0.0
	load 207 0.0 0.0 -30.7813544535 0.0 0.0 0.0
	load 214 0.0 0.0 -66.6116058040 0.0 0.0 0.0
	load 203 0.0 0.0 -66.6116058040 0.0 0.0 0.0
	load 201 0.0 0.0 -66.6116058040 0.0 0.0 0.0
	load 210 0.0 0.0 -66.6116058040 0.0 0.0 0.0
	load 215 0.0 0.0 -69.5105466575 0.0 0.0 0.0
	load 211 0.0 0.0 -69.5105466575 0.0 0.0 0.0
	load 202 0.0 0.0 -69.5105466575 0.0 0.0 0.0
	load 204 0.0 0.0 -69.5105466575 0.0 0.0 0.0
	load 216 0.0 0.0 -47.0919416232 0.0 0.0 0.0
	load 207 0.0 0.0 -47.0919416232 0.0 0.0 0.0
	load 200 0.0 0.0 -47.0919416232 0.0 0.0 0.0
	load 212 0.0 0.0 -47.0919416232 0.0 0.0 0.0
	load 217 0.0 0.0 -40.7369218357 0.0 0.0 0.0
	load 213 0.0 0.0 -40.7369218357 0.0 0.0 0.0
	load 198 0.0 0.0 -40.7369218357 0.0 0.0 0.0
	load 205 0.0 0.0 -40.7369218357 0.0 0.0 0.0
	load 218 0.0 0.0 -44.9052880051 0.0 0.0 0.0
	load 210 0.0 0.0 -44.9052880051 0.0 0.0 0.0
	load 39 0.0 0.0 -44.9052880051 0.0 0.0 0.0
	load 43 0.0 0.0 -44.9052880051 0.0 0.0 0.0
	load 219 0.0 0.0 -46.7094788585 0.0 0.0 0.0
	load 45 0.0 0.0 -46.7094788585 0.0 0.0 0.0
	load 41 0.0 0.0 -46.7094788585 0.0 0.0 0.0
	load 211 0.0 0.0 -46.7094788585 0.0 0.0 0.0
	load 220 0.0 0.0 -85.0070444756 0.0 0.0 0.0
	load 208 0.0 0.0 -85.0070444756 0.0 0.0 0.0
	load 203 0.0 0.0 -85.0070444756 0.0 0.0 0.0
	load 214 0.0 0.0 -85.0070444756 0.0 0.0 0.0
	load 221 0.0 0.0 -89.0581589479 0.0 0.0 0.0
	load 215 0.0 0.0 -89.0581589479 0.0 0.0 0.0
	load 204 0.0 0.0 -89.0581589479 0.0 0.0 0.0
	load 209 0.0 0.0 -89.0581589479 0.0 0.0 0.0
	load 65 0.0 0.0 -43.0169763853 0.0 0.0 0.0
	load 58 0.0 0.0 -43.0169763853 0.0 0.0 0.0
	load 207 0.0 0.0 -43.0169763853 0.0 0.0 0.0
	load 216 0.0 0.0 -43.0169763853 0.0 0.0 0.0
	load 68 0.0 0.0 -20.9778657726 0.0 0.0 0.0
	load 217 0.0 0.0 -20.9778657726 0.0 0.0 0.0
	load 205 0.0 0.0 -20.9778657726 0.0 0.0 0.0
	load 60 0.0 0.0 -20.9778657726 0.0 0.0 0.0
	load 222 0.0 0.0 -71.7405267600 0.0 0.0 0.0
	load 212 0.0 0.0 -71.7405267600 0.0 0.0 0.0
	load 208 0.0 0.0 -71.7405267600 0.0 0.0 0.0
	load 220 0.0 0.0 -71.7405267600 0.0 0.0 0.0
	load 223 0.0 0.0 -73.5599987338 0.0 0.0 0.0
	load 221 0.0 0.0 -73.5599987338 0.0 0.0 0.0
	load 209 0.0 0.0 -73.5599987338 0.0 0.0 0.0
	load 213 0.0 0.0 -73.5599987338 0.0 0.0 0.0
	load 224 0.0 0.0 -75.3179569389 0.0 0.0 0.0
	load 214 0.0 0.0 -75.3179569389 0.0 0.0 0.0
	load 210 0.0 0.0 -75.3179569389 0.0 0.0 0.0
	load 218 0.0 0.0 -75.3179569389 0.0 0.0 0.0
	load 225 0.0 0.0 -78.8243932208 0.0 0.0 0.0
	load 219 0.0 0.0 -78.8243932208 0.0 0.0 0.0
	load 211 0.0 0.0 -78.8243932208 0.0 0.0 0.0
	load 215 0.0 0.0 -78.8243932208 0.0 0.0 0.0
	load 226 0.0 0.0 -52.0338068782 0.0 0.0 0.0
	load 216 0.0 0.0 -52.0338068782 0.0 0.0 0.0
	load 212 0.0 0.0 -52.0338068782 0.0 0.0 0.0
	load 222 0.0 0.0 -52.0338068782 0.0 0.0 0.0
	load 227 0.0 0.0 -40.1366371989 0.0 0.0 0.0
	load 223 0.0 0.0 -40.1366371989 0.0 0.0 0.0
	load 213 0.0 0.0 -40.1366371989 0.0 0.0 0.0
	load 217 0.0 0.0 -40.1366371989 0.0 0.0 0.0
	load 228 0.0 0.0 -43.9910097570 0.0 0.0 0.0
	load 218 0.0 0.0 -43.9910097570 0.0 0.0 0.0
	load 43 0.0 0.0 -43.9910097570 0.0 0.0 0.0
	load 47 0.0 0.0 -43.9910097570 0.0 0.0 0.0
	load 229 0.0 0.0 -45.8703020303 0.0 0.0 0.0
	load 49 0.0 0.0 -45.8703020303 0.0 0.0 0.0
	load 45 0.0 0.0 -45.8703020303 0.0 0.0 0.0
	load 219 0.0 0.0 -45.8703020303 0.0 0.0 0.0
	load 230 0.0 0.0 -125.708083012 0.0 0.0 0.0
	load 220 0.0 0.0 -125.708083012 0.0 0.0 0.0
	load 214 0.0 0.0 -125.708083012 0.0 0.0 0.0
	load 224 0.0 0.0 -125.708083012 0.0 0.0 0.0
	load 231 0.0 0.0 -133.501524656 0.0 0.0 0.0
	load 225 0.0 0.0 -133.501524656 0.0 0.0 0.0
	load 215 0.0 0.0 -133.501524656 0.0 0.0 0.0
	load 221 0.0 0.0 -133.501524656 0.0 0.0 0.0
	load 232 0.0 0.0 -39.8777815277 0.0 0.0 0.0
	load 228 0.0 0.0 -39.8777815277 0.0 0.0 0.0
	load 47 0.0 0.0 -39.8777815277 0.0 0.0 0.0
	load 51 0.0 0.0 -39.8777815277 0.0 0.0 0.0
	load 233 0.0 0.0 -41.7911815248 0.0 0.0 0.0
	load 53 0.0 0.0 -41.7911815248 0.0 0.0 0.0
	load 49 0.0 0.0 -41.7911815248 0.0 0.0 0.0
	load 229 0.0 0.0 -41.7911815248 0.0 0.0 0.0
	load 74 0.0 0.0 -54.6839860581 0.0 0.0 0.0
	load 65 0.0 0.0 -54.6839860581 0.0 0.0 0.0
	load 216 0.0 0.0 -54.6839860581 0.0 0.0 0.0
	load 226 0.0 0.0 -54.6839860581 0.0 0.0 0.0
	load 76 0.0 0.0 -19.4238239380 0.0 0.0 0.0
	load 227 0.0 0.0 -19.4238239380 0.0 0.0 0.0
	load 217 0.0 0.0 -19.4238239380 0.0 0.0 0.0
	load 68 0.0 0.0 -19.4238239380 0.0 0.0 0.0
	load 78 0.0 0.0 -37.8944995694 0.0 0.0 0.0
	load 232 0.0 0.0 -37.8944995694 0.0 0.0 0.0
	load 51 0.0 0.0 -37.8944995694 0.0 0.0 0.0
	load 61 0.0 0.0 -37.8944995694 0.0 0.0 0.0
	load 80 0.0 0.0 -39.9023593162 0.0 0.0 0.0
	load 63 0.0 0.0 -39.9023593162 0.0 0.0 0.0
	load 53 0.0 0.0 -39.9023593162 0.0 0.0 0.0
	load 233 0.0 0.0 -39.9023593162 0.0 0.0 0.0
	load 234 0.0 0.0 -74.2355549517 0.0 0.0 0.0
	load 224 0.0 0.0 -74.2355549517 0.0 0.0 0.0
	load 218 0.0 0.0 -74.2355549517 0.0 0.0 0.0
	load 228 0.0 0.0 -74.2355549517 0.0 0.0 0.0
	load 235 0.0 0.0 -77.9367101951 0.0 0.0 0.0
	load 229 0.0 0.0 -77.9367101951 0.0 0.0 0.0
	load 219 0.0 0.0 -77.9367101951 0.0 0.0 0.0
	load 225 0.0 0.0 -77.9367101951 0.0 0.0 0.0
	load 236 0.0 0.0 -103.481689298 0.0 0.0 0.0
	load 222 0.0 0.0 -103.481689298 0.0 0.0 0.0
	load 220 0.0 0.0 -103.481689298 0.0 0.0 0.0
	load 230 0.0 0.0 -103.481689298 0.0 0.0 0.0
	load 231 0.0 0.0 -110.987169889 0.0 0.0 0.0
	load 221 0.0 0.0 -110.987169889 0.0 0.0 0.0
	load 223 0.0 0.0 -110.987169889 0.0 0.0 0.0
	load 237 0.0 0.0 -110.987169889 0.0 0.0 0.0
	load 238 0.0 0.0 -59.5740399559 0.0 0.0 0.0
	load 234 0.0 0.0 -59.5740399559 0.0 0.0 0.0
	load 228 0.0 0.0 -59.5740399559 0.0 0.0 0.0
	load 232 0.0 0.0 -59.5740399559 0.0 0.0 0.0
	load 239 0.0 0.0 -62.8325045029 0.0 0.0 0.0
	load 233 0.0 0.0 -62.8325045029 0.0 0.0 0.0
	load 229 0.0 0.0 -62.8325045029 0.0 0.0 0.0
	load 235 0.0 0.0 -62.8325045029 0.0 0.0 0.0
	load 240 0.0 0.0 -54.2140075574 0.0 0.0 0.0
	load 226 0.0 0.0 -54.2140075574 0.0 0.0 0.0
	load 222 0.0 0.0 -54.2140075574 0.0 0.0 0.0
	load 236 0.0 0.0 -54.2140075574 0.0 0.0 0.0
	load 237 0.0 0.0 -45.8591306504 0.0 0.0 0.0
	load 223 0.0 0.0 -45.8591306504 0.0 0.0 0.0
	load 227 0.0 0.0 -45.8591306504 0.0 0.0 0.0
	load 241 0.0 0.0 -45.8591306504 0.0 0.0 0.0
	load 82 0.0 0.0 -50.0559100810 0.0 0.0 0.0
	load 238 0.0 0.0 -50.0559100810 0.0 0.0 0.0
	load 232 0.0 0.0 -50.0559100810 0.0 0.0 0.0
	load 78 0.0 0.0 -50.0559100810 0.0 0.0 0.0
	load 84 0.0 0.0 -52.9668260305 0.0 0.0 0.0
	load 80 0.0 0.0 -52.9668260305 0.0 0.0 0.0
	load 233 0.0 0.0 -52.9668260305 0.0 0.0 0.0
	load 239 0.0 0.0 -52.9668260305 0.0 0.0 0.0
	load 85 0.0 0.0 -51.0798919856 0.0 0.0 0.0
	load 74 0.0 0.0 -51.0798919856 0.0 0.0 0.0
	load 226 0.0 0.0 -51.0798919856 0.0 0.0 0.0
	load 240 0.0 0.0 -51.0798919856 0.0 0.0 0.0
	load 241 0.0 0.0 -19.9260601436 0.0 0.0 0.0
	load 227 0.0 0.0 -19.9260601436 0.0 0.0 0.0
	load 76 0.0 0.0 -19.9260601436 0.0 0.0 0.0
	load 87 0.0 0.0 -19.9260601436 0.0 0.0 0.0
	load 230 0.0 0.0 -129.517802676 0.0 0.0 0.0
	load 224 0.0 0.0 -129.517802676 0.0 0.0 0.0
	load 234 0.0 0.0 -129.517802676 0.0 0.0 0.0
	load 242 0.0 0.0 -129.517802676 0.0 0.0 0.0
	load 243 0.0 0.0 -137.617442053 0.0 0.0 0.0
	load 235 0.0 0.0 -137.617442053 0.0 0.0 0.0
	load 225 0.0 0.0 -137.617442053 0.0 0.0 0.0
	load 231 0.0 0.0 -137.617442053 0.0 0.0 0.0
	load 242 0.0 0.0 -78.1362529464 0.0 0.0 0.0
	load 234 0.0 0.0 -78.1362529464 0.0 0.0 0.0
	load 238 0.0 0.0 -78.1362529464 0.0 0.0 0.0
	load 244 0.0 0.0 -78.1362529464 0.0 0.0 0.0
	load 245 0.0 0.0 -83.1649301961 0.0 0.0 0.0
	load 239 0.0 0.0 -83.1649301961 0.0 0.0 0.0
	load 235 0.0 0.0 -83.1649301961 0.0 0.0 0.0
	load 243 0.0 0.0 -83.1649301961 0.0 0.0 0.0
	load 244 0.0 0.0 -58.2988458660 0.0 0.0 0.0
	load 238 0.0 0.0 -58.2988458660 0.0 0.0 0.0
	load 82 0.0 0.0 -58.2988458660 0.0 0.0 0.0
	load 89 0.0 0.0 -58.2988458660 0.0 0.0 0.0
	load 92 0.0 0.0 -62.0056020628 0.0 0.0 0.0
	load 84 0.0 0.0 -62.0056020628 0.0 0.0 0.0
	load 239 0.0 0.0 -62.0056020628 0.0 0.0 0.0
	load 245 0.0 0.0 -62.0056020628 0.0 0.0 0.0
	load 246 0.0 0.0 -58.2988458660 0.0 0.0 0.0
	load 244 0.0 0.0 -58.2988458660 0.0 0.0 0.0
	load 89 0.0 0.0 -58.2988458660 0.0 0.0 0.0
	load 93 0.0 0.0 -58.2988458660 0.0 0.0 0.0
	load 247 0.0 0.0 -78.1362529464 0.0 0.0 0.0
	load 242 0.0 0.0 -78.1362529464 0.0 0.0 0.0
	load 244 0.0 0.0 -78.1362529464 0.0 0.0 0.0
	load 246 0.0 0.0 -78.1362529464 0.0 0.0 0.0
	load 248 0.0 0.0 -129.517802676 0.0 0.0 0.0
	load 230 0.0 0.0 -129.517802676 0.0 0.0 0.0
	load 242 0.0 0.0 -129.517802676 0.0 0.0 0.0
	load 247 0.0 0.0 -129.517802676 0.0 0.0 0.0
	load 249 0.0 0.0 -103.481689298 0.0 0.0 0.0
	load 250 0.0 0.0 -103.481689298 0.0 0.0 0.0
	load 236 0.0 0.0 -103.481689298 0.0 0.0 0.0
	load 230 0.0 0.0 -103.481689298 0.0 0.0 0.0
	load 251 0.0 0.0 -125.708225749 0.0 0.0 0.0
	load 249 0.0 0.0 -125.708225749 0.0 0.0 0.0
	load 230 0.0 0.0 -125.708225749 0.0 0.0 0.0
	load 248 0.0 0.0 -125.708225749 0.0 0.0 0.0
	load 250 0.0 0.0 -54.2140075574 0.0 0.0 0.0
	load 252 0.0 0.0 -54.2140075574 0.0 0.0 0.0
	load 240 0.0 0.0 -54.2140075574 0.0 0.0 0.0
	load 236 0.0 0.0 -54.2140075574 0.0 0.0 0.0
	load 252 0.0 0.0 -51.0798919856 0.0 0.0 0.0
	load 95 0.0 0.0 -51.0798919856 0.0 0.0 0.0
	load 85 0.0 0.0 -51.0798919856 0.0 0.0 0.0
	load 240 0.0 0.0 -51.0798919856 0.0 0.0 0.0
	load 253 0.0 0.0 -19.9261052550 0.0 0.0 0.0
	load 241 0.0 0.0 -19.9261052550 0.0 0.0 0.0
	load 87 0.0 0.0 -19.9261052550 0.0 0.0 0.0
	load 97 0.0 0.0 -19.9261052550 0.0 0.0 0.0
	load 254 0.0 0.0 -45.8591675056 0.0 0.0 0.0
	load 237 0.0 0.0 -45.8591675056 0.0 0.0 0.0
	load 241 0.0 0.0 -45.8591675056 0.0 0.0 0.0
	load 253 0.0 0.0 -45.8591675056 0.0 0.0 0.0
	load 255 0.0 0.0 -110.987169889 0.0 0.0 0.0
	load 231 0.0 0.0 -110.987169889 0.0 0.0 0.0
	load 237 0.0 0.0 -110.987169889 0.0 0.0 0.0
	load 254 0.0 0.0 -110.987169889 0.0 0.0 0.0
	load 256 0.0 0.0 -137.617560543 0.0 0.0 0.0
	load 257 0.0 0.0 -137.617560543 0.0 0.0 0.0
	load 243 0.0 0.0 -137.617560543 0.0 0.0 0.0
	load 231 0.0 0.0 -137.617560543 0.0 0.0 0.0
	load 258 0.0 0.0 -133.501524656 0.0 0.0 0.0
	load 256 0.0 0.0 -133.501524656 0.0 0.0 0.0
	load 231 0.0 0.0 -133.501524656 0.0 0.0 0.0
	load 255 0.0 0.0 -133.501524656 0.0 0.0 0.0
	load 257 0.0 0.0 -83.1650904206 0.0 0.0 0.0
	load 259 0.0 0.0 -83.1650904206 0.0 0.0 0.0
	load 245 0.0 0.0 -83.1650904206 0.0 0.0 0.0
	load 243 0.0 0.0 -83.1650904206 0.0 0.0 0.0
	load 259 0.0 0.0 -62.0056020628 0.0 0.0 0.0
	load 99 0.0 0.0 -62.0056020628 0.0 0.0 0.0
	load 92 0.0 0.0 -62.0056020628 0.0 0.0 0.0
	load 245 0.0 0.0 -62.0056020628 0.0 0.0 0.0
	load 260 0.0 0.0 -50.0559100810 0.0 0.0 0.0
	load 246 0.0 0.0 -50.0559100810 0.0 0.0 0.0
	load 93 0.0 0.0 -50.0559100810 0.0 0.0 0.0
	load 101 0.0 0.0 -50.0559100810 0.0 0.0 0.0
	load 261 0.0 0.0 -52.9668260305 0.0 0.0 0.0
	load 103 0.0 0.0 -52.9668260305 0.0 0.0 0.0
	load 99 0.0 0.0 -52.9668260305 0.0 0.0 0.0
	load 259 0.0 0.0 -52.9668260305 0.0 0.0 0.0
	load 262 0.0 0.0 -59.5740399559 0.0 0.0 0.0
	load 247 0.0 0.0 -59.5740399559 0.0 0.0 0.0
	load 246 0.0 0.0 -59.5740399559 0.0 0.0 0.0
	load 260 0.0 0.0 -59.5740399559 0.0 0.0 0.0
	load 263 0.0 0.0 -62.8323818300 0.0 0.0 0.0
	load 261 0.0 0.0 -62.8323818300 0.0 0.0 0.0
	load 259 0.0 0.0 -62.8323818300 0.0 0.0 0.0
	load 257 0.0 0.0 -62.8323818300 0.0 0.0 0.0
	load 264 0.0 0.0 -74.2356977004 0.0 0.0 0.0
	load 248 0.0 0.0 -74.2356977004 0.0 0.0 0.0
	load 247 0.0 0.0 -74.2356977004 0.0 0.0 0.0
	load 262 0.0 0.0 -74.2356977004 0.0 0.0 0.0
	load 265 0.0 0.0 -77.9365540581 0.0 0.0 0.0
	load 263 0.0 0.0 -77.9365540581 0.0 0.0 0.0
	load 257 0.0 0.0 -77.9365540581 0.0 0.0 0.0
	load 256 0.0 0.0 -77.9365540581 0.0 0.0 0.0
	load 266 0.0 0.0 -75.3179583731 0.0 0.0 0.0
	load 251 0.0 0.0 -75.3179583731 0.0 0.0 0.0
	load 248 0.0 0.0 -75.3179583731 0.0 0.0 0.0
	load 264 0.0 0.0 -75.3179583731 0.0 0.0 0.0
	load 267 0.0 0.0 -78.8243932208 0.0 0.0 0.0
	load 265 0.0 0.0 -78.8243932208 0.0 0.0 0.0
	load 256 0.0 0.0 -78.8243932208 0.0 0.0 0.0
	load 258 0.0 0.0 -78.8243932208 0.0 0.0 0.0
	load 268 0.0 0.0 -54.6839860581 0.0 0.0 0.0
	load 106 0.0 0.0 -54.6839860581 0.0 0.0 0.0
	load 95 0.0 0.0 -54.6839860581 0.0 0.0 0.0
	load 252 0.0 0.0 -54.6839860581 0.0 0.0 0.0
	load 269 0.0 0.0 -19.4238837034 0.0 0.0 0.0
	load 253 0.0 0.0 -19.4238837034 0.0 0.0 0.0
	load 97 0.0 0.0 -19.4238837034 0.0 0.0 0.0
	load 107 0.0 0.0 -19.4238837034 0.0 0.0 0.0
	load 122 0.0 0.0 -37.8946347205 0.0 0.0 0.0
	load 260 0.0 0.0 -37.8946347205 0.0 0.0 0.0
	load 101 0.0 0.0 -37.8946347205 0.0 0.0 0.0
	load 109 0.0 0.0 -37.8946347205 0.0 0.0 0.0
	load 124 0.0 0.0 -39.9023593162 0.0 0.0 0.0
	load 111 0.0 0.0 -39.9023593162 0.0 0.0 0.0
	load 103 0.0 0.0 -39.9023593162 0.0 0.0 0.0
	load 261 0.0 0.0 -39.9023593162 0.0 0.0 0.0
	load 270 0.0 0.0 -52.0338748906 0.0 0.0 0.0
	load 268 0.0 0.0 -52.0338748906 0.0 0.0 0.0
	load 252 0.0 0.0 -52.0338748906 0.0 0.0 0.0
	load 250 0.0 0.0 -52.0338748906 0.0 0.0 0.0
	load 271 0.0 0.0 -40.1365556694 0.0 0.0 0.0
	load 254 0.0 0.0 -40.1365556694 0.0 0.0 0.0
	load 253 0.0 0.0 -40.1365556694 0.0 0.0 0.0
	load 269 0.0 0.0 -40.1365556694 0.0 0.0 0.0
	load 128 0.0 0.0 -39.8778951200 0.0 0.0 0.0
	load 262 0.0 0.0 -39.8778951200 0.0 0.0 0.0
	load 260 0.0 0.0 -39.8778951200 0.0 0.0 0.0
	load 122 0.0 0.0 -39.8778951200 0.0 0.0 0.0
	load 130 0.0 0.0 -41.7911815248 0.0 0.0 0.0
	load 124 0.0 0.0 -41.7911815248 0.0 0.0 0.0
	load 261 0.0 0.0 -41.7911815248 0.0 0.0 0.0
	load 263 0.0 0.0 -41.7911815248 0.0 0.0 0.0
	load 272 0.0 0.0 -71.7405193460 0.0 0.0 0.0
	load 270 0.0 0.0 -71.7405193460 0.0 0.0 0.0
	load 250 0.0 0.0 -71.7405193460 0.0 0.0 0.0
	load 249 0.0 0.0 -71.7405193460 0.0 0.0 0.0
	load 273 0.0 0.0 -73.5599987338 0.0 0.0 0.0
	load 255 0.0 0.0 -73.5599987338 0.0 0.0 0.0
	load 254 0.0 0.0 -73.5599987338 0.0 0.0 0.0
	load 271 0.0 0.0 -73.5599987338 0.0 0.0 0.0
	load 132 0.0 0.0 -43.9909158011 0.0 0.0 0.0
	load 264 0.0 0.0 -43.9909158011 0.0 0.0 0.0
	load 262 0.0 0.0 -43.9909158011 0.0 0.0 0.0
	load 128 0.0 0.0 -43.9909158011 0.0 0.0 0.0
	load 134 0.0 0.0 -45.8703020303 0.0 0.0 0.0
	load 130 0.0 0.0 -45.8703020303 0.0 0.0 0.0
	load 263 0.0 0.0 -45.8703020303 0.0 0.0 0.0
	load 265 0.0 0.0 -45.8703020303 0.0 0.0 0.0
	load 274 0.0 0.0 -85.0071977195 0.0 0.0 0.0
	load 272 0.0 0.0 -85.0071977195 0.0 0.0 0.0
	load 249 0.0 0.0 -85.0071977195 0.0 0.0 0.0
	load 251 0.0 0.0 -85.0071977195 0.0 0.0 0.0
	load 275 0.0 0.0 -89.0581589479 0.0 0.0 0.0
	load 258 0.0 0.0 -89.0581589479 0.0 0.0 0.0
	load 255 0.0 0.0 -89.0581589479 0.0 0.0 0.0
	load 273 0.0 0.0 -89.0581589479 0.0 0.0 0.0
	load 136 0.0 0.0 -44.9051736084 0.0 0.0 0.0
	load 266 0.0 0.0 -44.9051736084 0.0 0.0 0.0
	load 264 0.0 0.0 -44.9051736084 0.0 0.0 0.0
	load 132 0.0 0.0 -44.9051736084 0.0 0.0 0.0
	load 138 0.0 0.0 -46.7095994789 0.0 0.0 0.0
	load 134 0.0 0.0 -46.7095994789 0.0 0.0 0.0
	load 265 0.0 0.0 -46.7095994789 0.0 0.0 0.0
	load 267 0.0 0.0 -46.7095994789 0.0 0.0 0.0
	load 276 0.0 0.0 -43.0170089895 0.0 0.0 0.0
	load 117 0.0 0.0 -43.0170089895 0.0 0.0 0.0
	load 106 0.0 0.0 -43.0170089895 0.0 0.0 0.0
	load 268 0.0 0.0 -43.0170089895 0.0 0.0 0.0
	load 277 0.0 0.0 -20.9778949972 0.0 0.0 0.0
	load 269 0.0 0.0 -20.9778949972 0.0 0.0 0.0
	load 107 0.0 0.0 -20.9778949972 0.0 0.0 0.0
	load 119 0.0 0.0 -20.9778949972 0.0 0.0 0.0
	load 278 0.0 0.0 -47.0919897086 0.0 0.0 0.0
	load 276 0.0 0.0 -47.0919897086 0.0 0.0 0.0
	load 268 0.0 0.0 -47.0919897086 0.0 0.0 0.0
	load 270 0.0 0.0 -47.0919897086 0.0 0.0 0.0
	load 279 0.0 0.0 -40.7368447066 0.0 0.0 0.0
	load 271 0.0 0.0 -40.7368447066 0.0 0.0 0.0
	load 269 0.0 0.0 -40.7368447066 0.0 0.0 0.0
	load 277 0.0 0.0 -40.7368447066 0.0 0.0 0.0
	load 280 0.0 0.0 -66.6115599016 0.0 0.0 0.0
	load 274 0.0 0.0 -66.6115599016 0.0 0.0 0.0
	load 251 0.0 0.0 -66.6115599016 0.0 0.0 0.0
	load 266 0.0 0.0 -66.6115599016 0.0 0.0 0.0
	load 281 0.0 0.0 -69.5105466575 0.0 0.0 0.0
	load 267 0.0 0.0 -69.5105466575 0.0 0.0 0.0
	load 258 0.0 0.0 -69.5105466575 0.0 0.0 0.0
	load 275 0.0 0.0 -69.5105466575 0.0 0.0 0.0
	load 282 0.0 0.0 -70.4403224761 0.0 0.0 0.0
	load 278 0.0 0.0 -70.4403224761 0.0 0.0 0.0
	load 270 0.0 0.0 -70.4403224761 0.0 0.0 0.0
	load 272 0.0 0.0 -70.4403224761 0.0 0.0 0.0
	load 283 0.0 0.0 -73.2843543596 0.0 0.0 0.0
	load 273 0.0 0.0 -73.2843543596 0.0 0.0 0.0
	load 271 0.0 0.0 -73.2843543596 0.0 0.0 0.0
	load 279 0.0 0.0 -73.2843543596 0.0 0.0 0.0
	load 284 0.0 0.0 -30.7813335317 0.0 0.0 0.0
	load 125 0.0 0.0 -30.7813335317 0.0 0.0 0.0
	load 117 0.0 0.0 -30.7813335317 0.0 0.0 0.0
	load 276 0.0 0.0 -30.7813335317 0.0 0.0 0.0
	load 284 0.0 0.0 -25.6172258257 0.0 0.0 0.0
	load 277 0.0 0.0 -25.6172258257 0.0 0.0 0.0
	load 119 0.0 0.0 -25.6172258257 0.0 0.0 0.0
	load 125 0.0 0.0 -25.6172258257 0.0 0.0 0.0
	load 140 0.0 0.0 -43.1176600861 0.0 0.0 0.0
	load 280 0.0 0.0 -43.1176600861 0.0 0.0 0.0
	load 266 0.0 0.0 -43.1176600861 0.0 0.0 0.0
	load 136 0.0 0.0 -43.1176600861 0.0 0.0 0.0
	load 142 0.0 0.0 -44.8702053904 0.0 0.0 0.0
	load 138 0.0 0.0 -44.8702053904 0.0 0.0 0.0
	load 267 0.0 0.0 -44.8702053904 0.0 0.0 0.0
	load 281 0.0 0.0 -44.8702053904 0.0 0.0 0.0
	load 285 0.0 0.0 -84.8761697547 0.0 0.0 0.0
	load 282 0.0 0.0 -84.8761697547 0.0 0.0 0.0
	load 272 0.0 0.0 -84.8761697547 0.0 0.0 0.0
	load 274 0.0 0.0 -84.8761697547 0.0 0.0 0.0
	load 286 0.0 0.0 -89.2299856802 0.0 0.0 0.0
	load 275 0.0 0.0 -89.2299856802 0.0 0.0 0.0
	load 273 0.0 0.0 -89.2299856802 0.0 0.0 0.0
	load 283 0.0 0.0 -89.2299856802 0.0 0.0 0.0
	load 287 0.0 0.0 -48.3536303643 0.0 0.0 0.0
	load 284 0.0 0.0 -48.3536303643 0.0 0.0 0.0
	load 276 0.0 0.0 -48.3536303643 0.0 0.0 0.0
	load 278 0.0 0.0 -48.3536303643 0.0 0.0 0.0
	load 287 0.0 0.0 -48.5746405549 0.0 0.0 0.0
	load 279 0.0 0.0 -48.5746405549 0.0 0.0 0.0
	load 277 0.0 0.0 -48.5746405549 0.0 0.0 0.0
	load 284 0.0 0.0 -48.5746405549 0.0 0.0 0.0
	load 288 0.0 0.0 -66.5208588353 0.0 0.0 0.0
	load 285 0.0 0.0 -66.5208588353 0.0 0.0 0.0
	load 274 0.0 0.0 -66.5208588353 0.0 0.0 0.0
	load 280 0.0 0.0 -66.5208588353 0.0 0.0 0.0
	load 289 0.0 0.0 -69.6525213629 0.0 0.0 0.0
	load 281 0.0 0.0 -69.6525213629 0.0 0.0 0.0
	load 275 0.0 0.0 -69.6525213629 0.0 0.0 0.0
	load 286 0.0 0.0 -69.6525213629 0.0 0.0 0.0
	load 290 0.0 0.0 -105.225341298 0.0 0.0 0.0
	load 287 0.0 0.0 -105.225341298 0.0 0.0 0.0
	load 278 0.0 0.0 -105.225341298 0.0 0.0 0.0
	load 282 0.0 0.0 -105.225341298 0.0 0.0 0.0
	load 290 0.0 0.0 -110.373748566 0.0 0.0 0.0
	load 283 0.0 0.0 -110.373748566 0.0 0.0 0.0
	load 279 0.0 0.0 -110.373748566 0.0 0.0 0.0
	load 287 0.0 0.0 -110.373748566 0.0 0.0 0.0
	load 144 0.0 0.0 -43.0945089661 0.0 0.0 0.0
	load 288 0.0 0.0 -43.0945089661 0.0 0.0 0.0
	load 280 0.0 0.0 -43.0945089661 0.0 0.0 0.0
	load 140 0.0 0.0 -43.0945089661 0.0 0.0 0.0
	load 146 0.0 0.0 -44.9559217895 0.0 0.0 0.0
	load 142 0.0 0.0 -44.9559217895 0.0 0.0 0.0
	load 281 0.0 0.0 -44.9559217895 0.0 0.0 0.0
	load 289 0.0 0.0 -44.9559217895 0.0 0.0 0.0
	load 291 0.0 0.0 -127.632748481 0.0 0.0 0.0
	load 290 0.0 0.0 -127.632748481 0.0 0.0 0.0
	load 282 0.0 0.0 -127.632748481 0.0 0.0 0.0
	load 285 0.0 0.0 -127.632748481 0.0 0.0 0.0
	load 292 0.0 0.0 -133.706949933 0.0 0.0 0.0
	load 286 0.0 0.0 -133.706949933 0.0 0.0 0.0
	load 283 0.0 0.0 -133.706949933 0.0 0.0 0.0
	load 290 0.0 0.0 -133.706949933 0.0 0.0 0.0
	load 293 0.0 0.0 -75.6056146354 0.0 0.0 0.0
	load 291 0.0 0.0 -75.6056146354 0.0 0.0 0.0
	load 285 0.0 0.0 -75.6056146354 0.0 0.0 0.0
	load 288 0.0 0.0 -75.6056146354 0.0 0.0 0.0
	load 294 0.0 0.0 -79.2331505424 0.0 0.0 0.0
	load 289 0.0 0.0 -79.2331505424 0.0 0.0 0.0
	load 286 0.0 0.0 -79.2331505424 0.0 0.0 0.0
	load 292 0.0 0.0 -79.2331505424 0.0 0.0 0.0
	load 148 0.0 0.0 -45.0115728414 0.0 0.0 0.0
	load 293 0.0 0.0 -45.0115728414 0.0 0.0 0.0
	load 288 0.0 0.0 -45.0115728414 0.0 0.0 0.0
	load 144 0.0 0.0 -45.0115728414 0.0 0.0 0.0
	load 150 0.0 0.0 -46.9912684777 0.0 0.0 0.0
	load 146 0.0 0.0 -46.9912684777 0.0 0.0 0.0
	load 289 0.0 0.0 -46.9912684777 0.0 0.0 0.0
	load 294 0.0 0.0 -46.9912684777 0.0 0.0 0.0
	load 295 0.0 0.0 -133.402672641 0.0 0.0 0.0
	load 296 0.0 0.0 -133.402672641 0.0 0.0 0.0
	load 290 0.0 0.0 -133.402672641 0.0 0.0 0.0
	load 291 0.0 0.0 -133.402672641 0.0 0.0 0.0
	load 297 0.0 0.0 -137.243100879 0.0 0.0 0.0
	load 292 0.0 0.0 -137.243100879 0.0 0.0 0.0
	load 290 0.0 0.0 -137.243100879 0.0 0.0 0.0
	load 296 0.0 0.0 -137.243100879 0.0 0.0 0.0
	load 298 0.0 0.0 -75.5060653789 0.0 0.0 0.0
	load 295 0.0 0.0 -75.5060653789 0.0 0.0 0.0
	load 291 0.0 0.0 -75.5060653789 0.0 0.0 0.0
	load 293 0.0 0.0 -75.5060653789 0.0 0.0 0.0
	load 299 0.0 0.0 -78.3941421849 0.0 0.0 0.0
	load 294 0.0 0.0 -78.3941421849 0.0 0.0 0.0
	load 292 0.0 0.0 -78.3941421849 0.0 0.0 0.0
	load 297 0.0 0.0 -78.3941421849 0.0 0.0 0.0
	load 152 0.0 0.0 -44.5435992184 0.0 0.0 0.0
	load 298 0.0 0.0 -44.5435992184 0.0 0.0 0.0
	load 293 0.0 0.0 -44.5435992184 0.0 0.0 0.0
	load 148 0.0 0.0 -44.5435992184 0.0 0.0 0.0
	load 154 0.0 0.0 -46.3297552423 0.0 0.0 0.0
	load 150 0.0 0.0 -46.3297552423 0.0 0.0 0.0
	load 294 0.0 0.0 -46.3297552423 0.0 0.0 0.0
	load 299 0.0 0.0 -46.3297552423 0.0 0.0 0.0
	load 300 0.0 0.0 -81.7279508032 0.0 0.0 0.0
	load 301 0.0 0.0 -81.7279508032 0.0 0.0 0.0
	load 296 0.0 0.0 -81.7279508032 0.0 0.0 0.0
	load 295 0.0 0.0 -81.7279508032 0.0 0.0 0.0
	load 302 0.0 0.0 -83.1168794938 0.0 0.0 0.0
	load 297 0.0 0.0 -83.1168794938 0.0 0.0 0.0
	load 296 0.0 0.0 -83.1168794938 0.0 0.0 0.0
	load 301 0.0 0.0 -83.1168794938 0.0 0.0 0.0
	load 303 0.0 0.0 -61.6192087979 0.0 0.0 0.0
	load 300 0.0 0.0 -61.6192087979 0.0 0.0 0.0
	load 295 0.0 0.0 -61.6192087979 0.0 0.0 0.0
	load 298 0.0 0.0 -61.6192087979 0.0 0.0 0.0
	load 304 0.0 0.0 -63.4080233886 0.0 0.0 0.0
	load 299 0.0 0.0 -63.4080233886 0.0 0.0 0.0
	load 297 0.0 0.0 -63.4080233886 0.0 0.0 0.0
	load 302 0.0 0.0 -63.4080233886 0.0 0.0 0.0
	load 156 0.0 0.0 -41.0577623228 0.0 0.0 0.0
	load 303 0.0 0.0 -41.0577623228 0.0 0.0 0.0
	load 298 0.0 0.0 -41.0577623228 0.0 0.0 0.0
	load 152 0.0 0.0 -41.0577623228 0.0 0.0 0.0
	load 158 0.0 0.0 -42.4292628719 0.0 0.0 0.0
	load 154 0.0 0.0 -42.4292628719 0.0 0.0 0.0
	load 299 0.0 0.0 -42.4292628719 0.0 0.0 0.0
	load 304 0.0 0.0 -42.4292628719 0.0 0.0 0.0
	load 170 0.0 0.0 -61.9479990662 0.0 0.0 0.0
	load 172 0.0 0.0 -61.9479990662 0.0 0.0 0.0
	load 301 0.0 0.0 -61.9479990662 0.0 0.0 0.0
	load 300 0.0 0.0 -61.9479990662 0.0 0.0 0.0
	load 174 0.0 0.0 -62.5043490934 0.0 0.0 0.0
	load 302 0.0 0.0 -62.5043490934 0.0 0.0 0.0
	load 301 0.0 0.0 -62.5043490934 0.0 0.0 0.0
	load 172 0.0 0.0 -62.5043490934 0.0 0.0 0.0
	load 168 0.0 0.0 -52.8181756795 0.0 0.0 0.0
	load 170 0.0 0.0 -52.8181756795 0.0 0.0 0.0
	load 300 0.0 0.0 -52.8181756795 0.0 0.0 0.0
	load 303 0.0 0.0 -52.8181756795 0.0 0.0 0.0
	load 176 0.0 0.0 -53.8430127062 0.0 0.0 0.0
	load 304 0.0 0.0 -53.8430127062 0.0 0.0 0.0
	load 302 0.0 0.0 -53.8430127062 0.0 0.0 0.0
	load 174 0.0 0.0 -53.8430127062 0.0 0.0 0.0
	load 160 0.0 0.0 -39.8807070495 0.0 0.0 0.0
	load 168 0.0 0.0 -39.8807070495 0.0 0.0 0.0
	load 303 0.0 0.0 -39.8807070495 0.0 0.0 0.0
	load 156 0.0 0.0 -39.8807070495 0.0 0.0 0.0
	load 162 0.0 0.0 -40.8497551870 0.0 0.0 0.0
	load 158 0.0 0.0 -40.8497551870 0.0 0.0 0.0
	load 304 0.0 0.0 -40.8497551870 0.0 0.0 0.0
	load 176 0.0 0.0 -40.8497551870 0.0 0.0 0.0
}

recorder mpco recorder.mpco -N  displacement rotation reactionForce reactionMoment -E  force stresses section.force section.fiber.stress

constraints Transformation
numberer RCM
system BandSPD
test NormDispIncr 1.0e-6 12 5
algorithm Linear
integrator LoadControl 1.0
analysis Static
analyze 1 

wipe
