model BasicBuilder -ndm 3 -ndf 6

node 1 0.130543738604 0.286814808846 0.0 -mass 0 0 0 0 0 0
node 2 0.068823620677 0.286581039429 0.0 -mass 0 0 0 0 0 0
node 3 0.0764692872763 0.197081536055 0.0 -mass 0 0 0 0 0 0
node 4 0.160349726677 0.23428991437 0.0 -mass 0 0 0 0 0 0
node 5 -0.210468679667 -0.331031113863 0.0 -mass 0 0 0 0 0 0
node 6 -0.255059033632 -0.375144422054 0.0 -mass 0 0 0 0 0 0
node 7 -0.194255888462 -0.412704825401 0.0 -mass 0 0 0 0 0 0
node 8 -0.163203030825 -0.338400393724 0.0 -mass 0 0 0 0 0 0
node 9 -0.225397735834 -0.284786194563 0.0 -mass 0 0 0 0 0 0
node 10 -0.303802907467 -0.318357139826 0.0 -mass 0 0 0 0 0 0
node 11 -0.159840941429 -0.273223757744 0.0 -mass 0 0 0 0 0 0
node 12 -0.274098098278 0.157244831324 0.0 -mass 0 0 0 0 0 0
node 13 -0.281264483929 0.108733221889 0.0 -mass 0 0 0 0 0 0
node 14 -0.204934507608 0.108304798603 0.0 -mass 0 0 0 0 0 0
node 15 -0.219386458397 0.173793077469 0.0 -mass 0 0 0 0 0 0
node 16 -0.253924906254 0.259562253952 0.0 -mass 0 0 0 0 0 0
node 17 -0.319744378328 0.208403587341 0.0 -mass 0 0 0 0 0 0
node 18 -0.361472606659 0.146014451981 0.0 -mass 0 0 0 0 0 0
node 19 0.173252284527 -0.420178353786 0.0 -mass 0 0 0 0 0 0
node 20 0.215099513531 -0.477264881134 0.0 -mass 0 0 0 0 0 0
node 21 0.281314581633 -0.423181116581 0.0 -mass 0 0 0 0 0 0
node 22 0.196391016245 -0.373396456242 0.0 -mass 0 0 0 0 0 0
node 23 0.123057723045 -0.356510013342 0.0 -mass 0 0 0 0 0 0
node 24 0.119199745357 -0.425807803869 0.0 -mass 0 0 0 0 0 0
node 25 0.13559858501 -0.511374354362 0.0 -mass 0 0 0 0 0 0
node 26 0.0432973355055 -0.44045060873 0.0 -mass 0 0 0 0 0 0
node 27 0.0454912632704 -0.529556512833 0.0 -mass 0 0 0 0 0 0
node 28 0.0537011958659 -0.618419587612 0.0 -mass 0 0 0 0 0 0
node 29 0.163015142083 -0.596102654934 0.0 -mass 0 0 0 0 0 0
node 30 0.267637729645 -0.55114030838 0.0 -mass 0 0 0 0 0 0
node 31 0.359092473984 -0.48233500123 0.0 -mass 0 0 0 0 0 0
node 32 0.195149570704 -0.680367469788 0.0 -mass 0 0 0 0 0 0
node 33 0.320436060429 -0.626527249813 0.0 -mass 0 0 0 0 0 0
node 34 0.432759910822 -0.545189201832 0.0 -mass 0 0 0 0 0 0
node 35 0.525798380375 -0.440070569515 0.0 -mass 0 0 0 0 0 0
node 36 0.434027075768 -0.394383728504 0.0 -mass 0 0 0 0 0 0
node 37 0.371763706207 -0.704106509686 0.0 -mass 0 0 0 0 0 0
node 38 0.503602147102 -0.610741972923 0.0 -mass 0 0 0 0 0 0
node 39 0.613742411137 -0.489290565252 0.0 -mass 0 0 0 0 0 0
node 40 0.696642756462 -0.345244199038 0.0 -mass 0 0 0 0 0 0
node 41 0.596292853355 -0.314649224281 0.0 -mass 0 0 0 0 0 0
node 42 0.57154738903 -0.678752541542 0.0 -mass 0 0 0 0 0 0
node 43 0.698408484459 -0.542205989361 0.0 -mass 0 0 0 0 0 0
node 44 0.794132828712 -0.380021989346 0.0 -mass 0 0 0 0 0 0
node 45 0.852863192558 -0.20114159584 0.0 -mass 0 0 0 0 0 0
node 46 0.746622443199 -0.185427963734 0.0 -mass 0 0 0 0 0 0
node 47 0.791182041168 -0.606502950191 0.0 -mass 0 0 0 0 0 0
node 48 0.899410128593 -0.42793032527 0.0 -mass 0 0 0 0 0 0
node 49 0.970710754395 -0.223468229175 0.0 -mass 0 0 0 0 0 0
node 50 0.995159208775 -0.0127255422994 0.0 -mass 0 0 0 0 0 0
node 51 0.872241139412 -0.0121721252799 0.0 -mass 0 0 0 0 0 0
node 52 0.852086186409 0.177067905664 0.0 -mass 0 0 0 0 0 0
node 53 0.741016685963 0.150340080261 0.0 -mass 0 0 0 0 0 0
node 54 0.760863661766 -0.0173161700368 0.0 -mass 0 0 0 0 0 0
node 55 0.972462177277 0.202267631888 0.0 -mass 0 0 0 0 0 0
node 56 0.907422304153 0.407669812441 0.0 -mass 0 0 0 0 0 0
node 57 0.793097317219 0.357532709837 0.0 -mass 0 0 0 0 0 0
node 58 0.697535991669 0.521167755127 0.0 -mass 0 0 0 0 0 0
node 59 0.604963600636 0.452356278896 0.0 -mass 0 0 0 0 0 0
node 60 0.688505172729 0.308903336525 0.0 -mass 0 0 0 0 0 0
node 61 0.7978759408 0.598743498325 0.0 -mass 0 0 0 0 0 0
node 62 0.652228057384 0.754715561867 0.0 -mass 0 0 0 0 0 0
node 63 0.568366110325 0.660268366337 0.0 -mass 0 0 0 0 0 0
node 64 0.411502599716 0.768440842628 0.0 -mass 0 0 0 0 0 0
node 65 0.355763942003 0.669494152069 0.0 -mass 0 0 0 0 0 0
node 66 0.492730081081 0.574258446693 0.0 -mass 0 0 0 0 0 0
node 67 0.468725413084 0.87803786993 0.0 -mass 0 0 0 0 0 0
node 68 0.266132235527 0.959211528301 0.0 -mass 0 0 0 0 0 0
node 69 0.234049022198 0.840795278549 0.0 -mass 0 0 0 0 0 0
node 70 0.0439534820616 0.873183369637 0.0 -mass 0 0 0 0 0 0
node 71 0.0348670110106 0.762456178665 0.0 -mass 0 0 0 0 0 0
node 72 0.200686112046 0.733254015446 0.0 -mass 0 0 0 0 0 0
node 73 0.0530351102352 0.997654259205 0.0 -mass 0 0 0 0 0 0
node 74 -0.170937404037 0.982228517532 0.0 -mass 0 0 0 0 0 0
node 75 -0.14913149178 0.862725257874 0.0 -mass 0 0 0 0 0 0
node 76 -0.336768090725 0.810303211212 0.0 -mass 0 0 0 0 0 0
node 77 -0.300191581249 0.709446668625 0.0 -mass 0 0 0 0 0 0
node 78 -0.134392082691 0.75450026989 0.0 -mass 0 0 0 0 0 0
node 79 -0.382423728704 0.920162081718 0.0 -mass 0 0 0 0 0 0
node 80 -0.572176337242 0.815469563007 0.0 -mass 0 0 0 0 0 0
node 81 -0.508671581745 0.718137681484 0.0 -mass 0 0 0 0 0 0
node 82 -0.655281126499 0.589923799038 0.0 -mass 0 0 0 0 0 0
node 83 -0.584300816059 0.516431927681 0.0 -mass 0 0 0 0 0 0
node 84 -0.453211188316 0.629415214062 0.0 -mass 0 0 0 0 0 0
node 85 -0.73860669136 0.666895985603 0.0 -mass 0 0 0 0 0 0
node 86 -0.864245653152 0.489703655243 0.0 -mass 0 0 0 0 0 0
node 87 -0.769607961178 0.433467179537 0.0 -mass 0 0 0 0 0 0
node 88 -0.846379816532 0.258860647678 0.0 -mass 0 0 0 0 0 0
node 89 -0.753826022148 0.223289847374 0.0 -mass 0 0 0 0 0 0
node 90 -0.686113238335 0.377727419138 0.0 -mass 0 0 0 0 0 0
node 91 -0.95117598772 0.297579109669 0.0 -mass 0 0 0 0 0 0
node 92 -0.989900052547 0.0893558785319 0.0 -mass 0 0 0 0 0 0
node 93 -0.882710397244 0.0766735896468 0.0 -mass 0 0 0 0 0 0
node 94 -0.881061077118 -0.103797137737 0.0 -mass 0 0 0 0 0 0
node 95 -0.783410251141 -0.0970681160688 0.0 -mass 0 0 0 0 0 0
node 96 -0.785359919071 0.0622741281986 0.0 -mass 0 0 0 0 0 0
node 97 -0.987728118896 -0.113761782646 0.0 -mass 0 0 0 0 0 0
node 98 -0.948031902313 -0.305489897728 0.0 -mass 0 0 0 0 0 0
node 99 -0.845122218132 -0.275912821293 0.0 -mass 0 0 0 0 0 0
node 100 -0.777233242989 -0.434458166361 0.0 -mass 0 0 0 0 0 0
node 101 -0.692015051842 -0.390855193138 0.0 -mass 0 0 0 0 0 0
node 102 -0.751767098904 -0.249375134706 0.0 -mass 0 0 0 0 0 0
node 103 -0.868642926216 -0.485839307308 0.0 -mass 0 0 0 0 0 0
node 104 -0.760566532612 -0.642360508442 0.0 -mass 0 0 0 0 0 0
node 105 -0.681091547012 -0.576581835747 0.0 -mass 0 0 0 0 0 0
node 106 -0.557718515396 -0.698740661144 0.0 -mass 0 0 0 0 0 0
node 107 -0.498760998249 -0.629924118519 0.0 -mass 0 0 0 0 0 0
node 108 -0.607353448868 -0.518855333328 0.0 -mass 0 0 0 0 0 0
node 109 -0.621069014072 -0.776461720467 0.0 -mass 0 0 0 0 0 0
node 110 -0.455549359322 -0.881355464458 0.0 -mass 0 0 0 0 0 0
node 111 -0.410897672176 -0.794939041138 0.0 -mass 0 0 0 0 0 0
node 112 -0.248539179564 -0.859577476978 0.0 -mass 0 0 0 0 0 0
node 113 -0.223213374615 -0.774570226669 0.0 -mass 0 0 0 0 0 0
node 114 -0.36824798584 -0.717329025269 0.0 -mass 0 0 0 0 0 0
node 115 -0.279836952686 -0.951430618763 0.0 -mass 0 0 0 0 0 0
node 116 -0.0902372002602 -0.988030493259 0.0 -mass 0 0 0 0 0 0
node 117 -0.0806640908122 -0.889986634254 0.0 -mass 0 0 0 0 0 0
node 118 0.0871099829674 -0.887905359268 0.0 -mass 0 0 0 0 0 0
node 119 0.0768721848726 -0.797086715698 0.0 -mass 0 0 0 0 0 0
node 120 -0.0730414092541 -0.800110459328 0.0 -mass 0 0 0 0 0 0
node 121 0.100056245923 -0.987963438034 0.0 -mass 0 0 0 0 0 0
node 122 0.287093877792 -0.949827313423 0.0 -mass 0 0 0 0 0 0
node 123 0.2564637959 -0.853268027306 0.0 -mass 0 0 0 0 0 0
node 124 0.420944333076 -0.783675432205 0.0 -mass 0 0 0 0 0 0
node 125 0.226587533951 -0.766070604324 0.0 -mass 0 0 0 0 0 0
node 126 0.473931789398 -0.871750235558 0.0 -mass 0 0 0 0 0 0
node 127 0.641950011253 -0.758713304996 0.0 -mass 0 0 0 0 0 0
node 128 0.0651758760214 -0.707385718822 0.0 -mass 0 0 0 0 0 0
node 129 -0.0593924373388 -0.621849358082 0.0 -mass 0 0 0 0 0 0
node 130 -0.0664601251483 -0.7107629776 0.0 -mass 0 0 0 0 0 0
node 131 -0.172608137131 -0.605189681053 0.0 -mass 0 0 0 0 0 0
node 132 -0.198232352734 -0.689804792404 0.0 -mass 0 0 0 0 0 0
node 133 -0.280666172504 -0.564431905746 0.0 -mass 0 0 0 0 0 0
node 134 -0.324982255697 -0.640442848206 0.0 -mass 0 0 0 0 0 0
node 135 -0.378274798393 -0.497949153185 0.0 -mass 0 0 0 0 0 0
node 136 -0.438808858395 -0.562998652458 0.0 -mass 0 0 0 0 0 0
node 137 -0.458582818508 -0.41127705574 0.0 -mass 0 0 0 0 0 0
node 138 -0.533193707466 -0.463895142078 0.0 -mass 0 0 0 0 0 0
node 139 -0.519897699356 -0.312199831009 0.0 -mass 0 0 0 0 0 0
node 140 -0.606432676315 -0.350035876036 0.0 -mass 0 0 0 0 0 0
node 141 -0.562591135502 -0.204596504569 0.0 -mass 0 0 0 0 0 0
node 142 -0.657614290714 -0.225517779589 0.0 -mass 0 0 0 0 0 0
node 143 -0.586283147335 -0.0906513258815 0.0 -mass 0 0 0 0 0 0
node 144 -0.685274839401 -0.0925768390298 0.0 -mass 0 0 0 0 0 0
node 145 -0.589432954788 0.0268294513226 0.0 -mass 0 0 0 0 0 0
node 146 -0.687696099281 0.0457026995718 0.0 -mass 0 0 0 0 0 0
node 147 -0.569245576859 0.145390361547 0.0 -mass 0 0 0 0 0 0
node 148 -0.661540806293 0.185185074806 0.0 -mass 0 0 0 0 0 0
node 149 -0.522390663624 0.260209530592 0.0 -mass 0 0 0 0 0 0
node 150 -0.603891432285 0.319689452648 0.0 -mass 0 0 0 0 0 0
node 151 -0.448031008244 0.363373577595 0.0 -mass 0 0 0 0 0 0
node 152 -0.515520691872 0.440788090229 0.0 -mass 0 0 0 0 0 0
node 153 -0.350052952766 0.445910423994 0.0 -mass 0 0 0 0 0 0
node 154 -0.400733053684 0.538625717163 0.0 -mass 0 0 0 0 0 0
node 155 -0.235830903053 0.502843916416 0.0 -mass 0 0 0 0 0 0
node 156 -0.267003387213 0.607021450996 0.0 -mass 0 0 0 0 0 0
node 157 -0.113770574331 0.533185362816 0.0 -mass 0 0 0 0 0 0
node 158 -0.123131230474 0.644642591476 0.0 -mass 0 0 0 0 0 0
node 159 0.00910493545234 0.537054538727 0.0 -mass 0 0 0 0 0 0
node 160 0.0226660259068 0.650417923927 0.0 -mass 0 0 0 0 0 0
node 161 0.128019496799 0.515499830246 0.0 -mass 0 0 0 0 0 0
node 162 0.16491818428 0.624943912029 0.0 -mass 0 0 0 0 0 0
node 163 0.238314419985 0.469723820686 0.0 -mass 0 0 0 0 0 0
node 164 0.297860324383 0.570235192776 0.0 -mass 0 0 0 0 0 0
node 165 0.334957003593 0.401496559381 0.0 -mass 0 0 0 0 0 0
node 166 0.414654821157 0.488080322742 0.0 -mass 0 0 0 0 0 0
node 167 0.415305525064 0.313676685095 0.0 -mass 0 0 0 0 0 0
node 168 0.51075232029 0.382984220982 0.0 -mass 0 0 0 0 0 0
node 169 0.477285921574 0.208188056946 0.0 -mass 0 0 0 0 0 0
node 170 0.582894027233 0.25865265727 0.0 -mass 0 0 0 0 0 0
node 171 0.518570780754 0.0894507020712 0.0 -mass 0 0 0 0 0 0
node 172 0.62969326973 0.120444446802 0.0 -mass 0 0 0 0 0 0
node 173 0.536885261536 -0.0373909026384 0.0 -mass 0 0 0 0 0 0
node 174 0.649321913719 -0.0263161025941 0.0 -mass 0 0 0 0 0 0
node 175 0.528828382492 -0.165798380971 0.0 -mass 0 0 0 0 0 0
node 176 0.638700664043 -0.174257680774 0.0 -mass 0 0 0 0 0 0
node 177 0.493011534214 -0.28709346056 0.0 -mass 0 0 0 0 0 0
node 178 0.418286859989 -0.159519538283 0.0 -mass 0 0 0 0 0 0
node 179 0.386809557676 -0.263122051954 0.0 -mass 0 0 0 0 0 0
node 180 0.338614135981 -0.351239830256 0.0 -mass 0 0 0 0 0 0
node 181 0.278240472078 -0.239219814539 0.0 -mass 0 0 0 0 0 0
node 182 0.237680256367 -0.312197625637 0.0 -mass 0 0 0 0 0 0
node 183 0.169371843338 -0.217703700066 0.0 -mass 0 0 0 0 0 0
node 184 0.142002284527 -0.287390470505 0.0 -mass 0 0 0 0 0 0
node 185 0.0717466473579 -0.207874268293 0.0 -mass 0 0 0 0 0 0
node 186 0.0590681694448 -0.281507909298 0.0 -mass 0 0 0 0 0 0
node 187 0.0486647561193 -0.358331620693 0.0 -mass 0 0 0 0 0 0
node 188 -0.0185906887054 -0.281022757292 0.0 -mass 0 0 0 0 0 0
node 189 -0.0283166766167 -0.359906673431 0.0 -mass 0 0 0 0 0 0
node 190 -0.0399397574365 -0.444775223732 0.0 -mass 0 0 0 0 0 0
node 191 -0.101695328951 -0.352366149426 0.0 -mass 0 0 0 0 0 0
node 192 -0.121613770723 -0.435485303402 0.0 -mass 0 0 0 0 0 0
node 193 -0.146834418178 -0.520388841629 0.0 -mass 0 0 0 0 0 0
node 194 -0.0508654490113 -0.533198475838 0.0 -mass 0 0 0 0 0 0
node 195 -0.236238628626 -0.48876106739 0.0 -mass 0 0 0 0 0 0
node 196 -0.316727399826 -0.435193806887 0.0 -mass 0 0 0 0 0 0
node 197 -0.382292538881 -0.362333476543 0.0 -mass 0 0 0 0 0 0
node 198 -0.341645359993 -0.248000636697 0.0 -mass 0 0 0 0 0 0
node 199 -0.431685328484 -0.278059929609 0.0 -mass 0 0 0 0 0 0
node 200 -0.36916077137 -0.170293539762 0.0 -mass 0 0 0 0 0 0
node 201 -0.466403603554 -0.186309918761 0.0 -mass 0 0 0 0 0 0
node 202 -0.385611355305 -0.0889611765742 0.0 -mass 0 0 0 0 0 0
node 203 -0.486268937588 -0.0899052023888 0.0 -mass 0 0 0 0 0 0
node 204 -0.390618264675 -0.00709832645953 0.0 -mass 0 0 0 0 0 0
node 205 -0.490358829498 0.00836492329836 0.0 -mass 0 0 0 0 0 0
node 206 -0.383619308472 0.0723754689097 0.0 -mass 0 0 0 0 0 0
node 207 -0.476820647717 0.106025502086 0.0 -mass 0 0 0 0 0 0
node 208 -0.441833168268 0.200305610895 0.0 -mass 0 0 0 0 0 0
node 209 -0.382004618645 0.285185933113 0.0 -mass 0 0 0 0 0 0
node 210 -0.300237208605 0.352507650852 0.0 -mass 0 0 0 0 0 0
node 211 -0.173092991114 0.292924582958 0.0 -mass 0 0 0 0 0 0
node 212 -0.204225093126 0.397772967815 0.0 -mass 0 0 0 0 0 0
node 213 -0.0876719132066 0.306619852781 0.0 -mass 0 0 0 0 0 0
node 214 -0.102415390313 0.420418024063 0.0 -mass 0 0 0 0 0 0
node 215 -0.00527286017314 0.302245914936 0.0 -mass 0 0 0 0 0 0
node 216 -0.00199556886218 0.421916723251 0.0 -mass 0 0 0 0 0 0
node 217 0.0927091911435 0.40354514122 0.0 -mass 0 0 0 0 0 0
node 218 0.177716985345 0.367387503386 0.0 -mass 0 0 0 0 0 0
node 219 0.251731187105 0.314183413982 0.0 -mass 0 0 0 0 0 0
node 220 0.210891366005 0.18078994751 0.0 -mass 0 0 0 0 0 0
node 221 0.316355347633 0.244864672422 0.0 -mass 0 0 0 0 0 0
node 222 0.258333742619 0.113401755691 0.0 -mass 0 0 0 0 0 0
node 223 0.369238168001 0.159469634295 0.0 -mass 0 0 0 0 0 0
node 224 0.293984174728 0.0309501159936 0.0 -mass 0 0 0 0 0 0
node 225 0.406430155039 0.059530235827 0.0 -mass 0 0 0 0 0 0
node 226 0.312290638685 -0.0607471615076 0.0 -mass 0 0 0 0 0 0
node 227 0.424157440662 -0.0487013608217 0.0 -mass 0 0 0 0 0 0
node 228 0.308309793472 -0.153689414263 0.0 -mass 0 0 0 0 0 0
node 229 0.203953593969 -0.0694128870964 0.0 -mass 0 0 0 0 0 0
node 230 0.195402383804 -0.144980937243 0.0 -mass 0 0 0 0 0 0
node 231 0.0905269235373 -0.071296647191 0.0 -mass 0 0 0 0 0 0
node 232 0.0841958075762 -0.137558266521 0.0 -mass 0 0 0 0 0 0
node 233 -0.0124607272446 -0.0748451128602 0.0 -mass 0 0 0 0 0 0
node 234 -0.0098351854831 -0.138434410095 0.0 -mass 0 0 0 0 0 0
node 235 -0.0121749760583 -0.20722900331 0.0 -mass 0 0 0 0 0 0
node 236 -0.0952749550343 -0.139130339026 0.0 -mass 0 0 0 0 0 0
node 237 -0.0908882468939 -0.205410003662 0.0 -mass 0 0 0 0 0 0
node 238 -0.0918853878975 -0.276321917772 0.0 -mass 0 0 0 0 0 0
node 239 -0.169844835997 -0.208551377058 0.0 -mass 0 0 0 0 0 0
node 240 -0.182791918516 -0.144663020968 0.0 -mass 0 0 0 0 0 0
node 241 -0.273495048285 -0.156020760536 0.0 -mass 0 0 0 0 0 0
node 242 -0.252142161131 -0.223498553038 0.0 -mass 0 0 0 0 0 0
node 243 -0.192716240883 -0.0806505009532 0.0 -mass 0 0 0 0 0 0
node 244 -0.286734372377 -0.0858670026064 0.0 -mass 0 0 0 0 0 0
node 245 -0.198385998607 -0.0168620087206 0.0 -mass 0 0 0 0 0 0
node 246 -0.291735589504 -0.0157574191689 0.0 -mass 0 0 0 0 0 0
node 247 -0.200900912285 0.0462328232825 0.0 -mass 0 0 0 0 0 0
node 248 -0.289268016815 0.0513484328985 0.0 -mass 0 0 0 0 0 0
node 249 -0.109515465796 -0.0149293225259 0.0 -mass 0 0 0 0 0 0
node 250 -0.117579437792 0.0481243208051 0.0 -mass 0 0 0 0 0 0
node 251 -0.128453478217 0.116706080735 0.0 -mass 0 0 0 0 0 0
node 252 -0.0344055108726 0.0492059141397 0.0 -mass 0 0 0 0 0 0
node 253 -0.0514225140214 0.120358109474 0.0 -mass 0 0 0 0 0 0
node 254 -0.0695374980569 0.203004151583 0.0 -mass 0 0 0 0 0 0
node 255 -0.146308884025 0.196235567331 0.0 -mass 0 0 0 0 0 0
node 256 0.0270348079503 0.12170009315 0.0 -mass 0 0 0 0 0 0
node 257 0.00610876083374 0.197493135929 0.0 -mass 0 0 0 0 0 0
node 258 0.107065707445 0.136853277683 0.0 -mass 0 0 0 0 0 0
node 259 0.0553029663861 0.0543821528554 0.0 -mass 0 0 0 0 0 0
node 260 0.15096065402 0.0761963576078 0.0 -mass 0 0 0 0 0 0
node 261 0.0810297057033 -0.00865628384054 0.0 -mass 0 0 0 0 0 0
node 262 0.18722358346 0.0075766434893 0.0 -mass 0 0 0 0 0 0
node 263 -0.0207021273673 -0.0141934165731 0.0 -mass 0 0 0 0 0 0
node 264 -0.102027058601 -0.0763609707355 0.0 -mass 0 0 0 0 0 0
fix 127 1 1 1 1 1 1
fix 126 1 1 1 1 1 1
fix 122 1 1 1 1 1 1
fix 121 1 1 1 1 1 1
fix 116 1 1 1 1 1 1
fix 115 1 1 1 1 1 1
fix 110 1 1 1 1 1 1
fix 109 1 1 1 1 1 1
fix 104 1 1 1 1 1 1
fix 103 1 1 1 1 1 1
fix 98 1 1 1 1 1 1
fix 97 1 1 1 1 1 1
fix 92 1 1 1 1 1 1
fix 91 1 1 1 1 1 1
fix 86 1 1 1 1 1 1
fix 85 1 1 1 1 1 1
fix 80 1 1 1 1 1 1
fix 79 1 1 1 1 1 1
fix 74 1 1 1 1 1 1
fix 73 1 1 1 1 1 1
fix 68 1 1 1 1 1 1
fix 67 1 1 1 1 1 1
fix 62 1 1 1 1 1 1
fix 61 1 1 1 1 1 1
fix 56 1 1 1 1 1 1
fix 55 1 1 1 1 1 1
fix 50 1 1 1 1 1 1
fix 49 1 1 1 1 1 1
fix 48 1 1 1 1 1 1
fix 47 1 1 1 1 1 1
nDMaterial ElasticIsotropic 1 210000000000.0 0.3 7850.0

section PlateFiber 1 1 0.01

element ASDShellQ4 1 1 2 3 4 1

element ASDShellQ4 2 5 6 7 8 1

element ASDShellQ4 3 5 9 10 6 1

element ASDShellQ4 4 5 8 11 9 1

element ASDShellQ4 5 12 13 14 15 1

element ASDShellQ4 6 12 15 16 17 1

element ASDShellQ4 7 12 17 18 13 1

element ASDShellQ4 8 19 20 21 22 1

element ASDShellQ4 9 19 22 23 24 1

element ASDShellQ4 10 19 24 25 20 1

element ASDShellQ4 11 25 24 26 27 1

element ASDShellQ4 12 25 27 28 29 1

element ASDShellQ4 13 25 29 30 20 1

element ASDShellQ4 14 30 31 21 20 1

element ASDShellQ4 15 30 29 32 33 1

element ASDShellQ4 16 30 33 34 31 1

element ASDShellQ4 17 34 35 36 31 1

element ASDShellQ4 18 34 33 37 38 1

element ASDShellQ4 19 34 38 39 35 1

element ASDShellQ4 20 39 40 41 35 1

element ASDShellQ4 21 39 38 42 43 1

element ASDShellQ4 22 39 43 44 40 1

element ASDShellQ4 23 44 45 46 40 1

element ASDShellQ4 24 44 43 47 48 1

element ASDShellQ4 25 44 48 49 45 1

element ASDShellQ4 26 49 50 51 45 1

element ASDShellQ4 27 51 52 53 54 1

element ASDShellQ4 28 51 54 46 45 1

element ASDShellQ4 29 51 50 55 52 1

element ASDShellQ4 30 55 56 57 52 1

element ASDShellQ4 31 57 58 59 60 1

element ASDShellQ4 32 57 60 53 52 1

element ASDShellQ4 33 57 56 61 58 1

element ASDShellQ4 34 61 62 63 58 1

element ASDShellQ4 35 63 64 65 66 1

element ASDShellQ4 36 63 66 59 58 1

element ASDShellQ4 37 63 62 67 64 1

element ASDShellQ4 38 67 68 69 64 1

element ASDShellQ4 39 69 70 71 72 1

element ASDShellQ4 40 69 72 65 64 1

element ASDShellQ4 41 69 68 73 70 1

element ASDShellQ4 42 73 74 75 70 1

element ASDShellQ4 43 75 76 77 78 1

element ASDShellQ4 44 75 78 71 70 1

element ASDShellQ4 45 75 74 79 76 1

element ASDShellQ4 46 79 80 81 76 1

element ASDShellQ4 47 81 82 83 84 1

element ASDShellQ4 48 81 84 77 76 1

element ASDShellQ4 49 81 80 85 82 1

element ASDShellQ4 50 85 86 87 82 1

element ASDShellQ4 51 87 88 89 90 1

element ASDShellQ4 52 87 90 83 82 1

element ASDShellQ4 53 87 86 91 88 1

element ASDShellQ4 54 91 92 93 88 1

element ASDShellQ4 55 93 94 95 96 1

element ASDShellQ4 56 93 96 89 88 1

element ASDShellQ4 57 93 92 97 94 1

element ASDShellQ4 58 97 98 99 94 1

element ASDShellQ4 59 99 100 101 102 1

element ASDShellQ4 60 99 102 95 94 1

element ASDShellQ4 61 99 98 103 100 1

element ASDShellQ4 62 103 104 105 100 1

element ASDShellQ4 63 105 106 107 108 1

element ASDShellQ4 64 105 108 101 100 1

element ASDShellQ4 65 105 104 109 106 1

element ASDShellQ4 66 109 110 111 106 1

element ASDShellQ4 67 111 112 113 114 1

element ASDShellQ4 68 111 114 107 106 1

element ASDShellQ4 69 111 110 115 112 1

element ASDShellQ4 70 115 116 117 112 1

element ASDShellQ4 71 117 118 119 120 1

element ASDShellQ4 72 117 120 113 112 1

element ASDShellQ4 73 117 116 121 118 1

element ASDShellQ4 74 121 122 123 118 1

element ASDShellQ4 75 123 124 37 125 1

element ASDShellQ4 76 123 125 119 118 1

element ASDShellQ4 77 123 122 126 124 1

element ASDShellQ4 78 126 127 42 124 1

element ASDShellQ4 79 127 47 43 42 1

element ASDShellQ4 80 125 37 33 32 1

element ASDShellQ4 81 125 32 128 119 1

element ASDShellQ4 82 128 32 29 28 1

element ASDShellQ4 83 128 28 129 130 1

element ASDShellQ4 84 128 130 120 119 1

element ASDShellQ4 85 130 129 131 132 1

element ASDShellQ4 86 130 132 113 120 1

element ASDShellQ4 87 132 131 133 134 1

element ASDShellQ4 88 132 134 114 113 1

element ASDShellQ4 89 134 133 135 136 1

element ASDShellQ4 90 134 136 107 114 1

element ASDShellQ4 91 136 135 137 138 1

element ASDShellQ4 92 136 138 108 107 1

element ASDShellQ4 93 138 137 139 140 1

element ASDShellQ4 94 138 140 101 108 1

element ASDShellQ4 95 140 139 141 142 1

element ASDShellQ4 96 140 142 102 101 1

element ASDShellQ4 97 142 141 143 144 1

element ASDShellQ4 98 142 144 95 102 1

element ASDShellQ4 99 144 143 145 146 1

element ASDShellQ4 100 144 146 96 95 1

element ASDShellQ4 101 146 145 147 148 1

element ASDShellQ4 102 146 148 89 96 1

element ASDShellQ4 103 148 147 149 150 1

element ASDShellQ4 104 148 150 90 89 1

element ASDShellQ4 105 150 149 151 152 1

element ASDShellQ4 106 150 152 83 90 1

element ASDShellQ4 107 152 151 153 154 1

element ASDShellQ4 108 152 154 84 83 1

element ASDShellQ4 109 154 153 155 156 1

element ASDShellQ4 110 154 156 77 84 1

element ASDShellQ4 111 156 155 157 158 1

element ASDShellQ4 112 156 158 78 77 1

element ASDShellQ4 113 158 157 159 160 1

element ASDShellQ4 114 158 160 71 78 1

element ASDShellQ4 115 160 159 161 162 1

element ASDShellQ4 116 160 162 72 71 1

element ASDShellQ4 117 162 161 163 164 1

element ASDShellQ4 118 162 164 65 72 1

element ASDShellQ4 119 164 163 165 166 1

element ASDShellQ4 120 164 166 66 65 1

element ASDShellQ4 121 166 165 167 168 1

element ASDShellQ4 122 166 168 59 66 1

element ASDShellQ4 123 168 167 169 170 1

element ASDShellQ4 124 168 170 60 59 1

element ASDShellQ4 125 170 169 171 172 1

element ASDShellQ4 126 170 172 53 60 1

element ASDShellQ4 127 172 171 173 174 1

element ASDShellQ4 128 172 174 54 53 1

element ASDShellQ4 129 174 173 175 176 1

element ASDShellQ4 130 174 176 46 54 1

element ASDShellQ4 131 176 175 177 41 1

element ASDShellQ4 132 176 41 40 46 1

element ASDShellQ4 133 177 175 178 179 1

element ASDShellQ4 134 177 179 180 36 1

element ASDShellQ4 135 177 36 35 41 1

element ASDShellQ4 136 180 179 181 182 1

element ASDShellQ4 137 180 182 22 21 1

element ASDShellQ4 138 180 21 31 36 1

element ASDShellQ4 139 182 181 183 184 1

element ASDShellQ4 140 182 184 23 22 1

element ASDShellQ4 141 184 183 185 186 1

element ASDShellQ4 142 184 186 187 23 1

element ASDShellQ4 143 187 186 188 189 1

element ASDShellQ4 144 187 189 190 26 1

element ASDShellQ4 145 187 26 24 23 1

element ASDShellQ4 146 190 189 191 192 1

element ASDShellQ4 147 190 192 193 194 1

element ASDShellQ4 148 190 194 27 26 1

element ASDShellQ4 149 194 193 131 129 1

element ASDShellQ4 150 194 129 28 27 1

element ASDShellQ4 151 193 192 7 195 1

element ASDShellQ4 152 193 195 133 131 1

element ASDShellQ4 153 195 7 6 196 1

element ASDShellQ4 154 195 196 135 133 1

element ASDShellQ4 155 196 6 10 197 1

element ASDShellQ4 156 196 197 137 135 1

element ASDShellQ4 157 197 10 198 199 1

element ASDShellQ4 158 197 199 139 137 1

element ASDShellQ4 159 199 198 200 201 1

element ASDShellQ4 160 199 201 141 139 1

element ASDShellQ4 161 201 200 202 203 1

element ASDShellQ4 162 201 203 143 141 1

element ASDShellQ4 163 203 202 204 205 1

element ASDShellQ4 164 203 205 145 143 1

element ASDShellQ4 165 205 204 206 207 1

element ASDShellQ4 166 205 207 147 145 1

element ASDShellQ4 167 207 206 18 208 1

element ASDShellQ4 168 207 208 149 147 1

element ASDShellQ4 169 208 18 17 209 1

element ASDShellQ4 170 208 209 151 149 1

element ASDShellQ4 171 209 17 16 210 1

element ASDShellQ4 172 209 210 153 151 1

element ASDShellQ4 173 210 16 211 212 1

element ASDShellQ4 174 210 212 155 153 1

element ASDShellQ4 175 212 211 213 214 1

element ASDShellQ4 176 212 214 157 155 1

element ASDShellQ4 177 214 213 215 216 1

element ASDShellQ4 178 214 216 159 157 1

element ASDShellQ4 179 216 215 2 217 1

element ASDShellQ4 180 216 217 161 159 1

element ASDShellQ4 181 217 2 1 218 1

element ASDShellQ4 182 217 218 163 161 1

element ASDShellQ4 183 218 1 4 219 1

element ASDShellQ4 184 218 219 165 163 1

element ASDShellQ4 185 219 4 220 221 1

element ASDShellQ4 186 219 221 167 165 1

element ASDShellQ4 187 221 220 222 223 1

element ASDShellQ4 188 221 223 169 167 1

element ASDShellQ4 189 223 222 224 225 1

element ASDShellQ4 190 223 225 171 169 1

element ASDShellQ4 191 225 224 226 227 1

element ASDShellQ4 192 225 227 173 171 1

element ASDShellQ4 193 227 226 228 178 1

element ASDShellQ4 194 227 178 175 173 1

element ASDShellQ4 195 228 226 229 230 1

element ASDShellQ4 196 228 230 183 181 1

element ASDShellQ4 197 228 181 179 178 1

element ASDShellQ4 198 230 229 231 232 1

element ASDShellQ4 199 230 232 185 183 1

element ASDShellQ4 200 232 231 233 234 1

element ASDShellQ4 201 232 234 235 185 1

element ASDShellQ4 202 235 234 236 237 1

element ASDShellQ4 203 235 237 238 188 1

element ASDShellQ4 204 235 188 186 185 1

element ASDShellQ4 205 238 237 239 11 1

element ASDShellQ4 206 238 11 8 191 1

element ASDShellQ4 207 238 191 189 188 1

element ASDShellQ4 208 239 240 241 242 1

element ASDShellQ4 209 239 242 9 11 1

element ASDShellQ4 210 239 237 236 240 1

element ASDShellQ4 211 242 241 200 198 1

element ASDShellQ4 212 242 198 10 9 1

element ASDShellQ4 213 241 240 243 244 1

element ASDShellQ4 214 241 244 202 200 1

element ASDShellQ4 215 244 243 245 246 1

element ASDShellQ4 216 244 246 204 202 1

element ASDShellQ4 217 246 245 247 248 1

element ASDShellQ4 218 246 248 206 204 1

element ASDShellQ4 219 248 247 14 13 1

element ASDShellQ4 220 248 13 18 206 1

element ASDShellQ4 221 247 245 249 250 1

element ASDShellQ4 222 247 250 251 14 1

element ASDShellQ4 223 251 250 252 253 1

element ASDShellQ4 224 251 253 254 255 1

element ASDShellQ4 225 251 255 15 14 1

element ASDShellQ4 226 255 254 213 211 1

element ASDShellQ4 227 255 211 16 15 1

element ASDShellQ4 228 254 253 256 257 1

element ASDShellQ4 229 254 257 215 213 1

element ASDShellQ4 230 257 256 258 3 1

element ASDShellQ4 231 257 3 2 215 1

element ASDShellQ4 232 258 256 259 260 1

element ASDShellQ4 233 258 260 222 220 1

element ASDShellQ4 234 258 220 4 3 1

element ASDShellQ4 235 260 259 261 262 1

element ASDShellQ4 236 260 262 224 222 1

element ASDShellQ4 237 262 261 231 229 1

element ASDShellQ4 238 262 229 226 224 1

element ASDShellQ4 239 261 259 252 263 1

element ASDShellQ4 240 261 263 233 231 1

element ASDShellQ4 241 263 252 250 249 1

element ASDShellQ4 242 263 249 264 233 1

element ASDShellQ4 243 264 249 245 243 1

element ASDShellQ4 244 264 243 240 236 1

element ASDShellQ4 245 264 236 234 233 1

element ASDShellQ4 246 259 256 253 252 1

element ASDShellQ4 247 192 191 8 7 1

element ASDShellQ4 248 124 42 38 37 1


recorder mpco recorder_modes.mpco -N  modesOfVibration modesOfVibrationRotational -E 
set lambdaN [eigen 12]
puts "$lambdaN"
modalProperties -file "ModalReport.txt"  -unorm
record
wipe
